             -1        0.30103      -0.176811     -0.0633779
       -1.04576       0.255273      -0.192511     -0.0786773
       -1.09151       0.209515      -0.209328     -0.0959601
       -1.13727       0.163758      -0.227292      -0.115205
       -1.18303          0.118      -0.246429      -0.136368
       -1.22879      0.0722425      -0.266756      -0.159385
       -1.27454      0.0264851      -0.288286      -0.184178
        -1.3203     -0.0192724      -0.311027      -0.210659
       -1.36606     -0.0650299      -0.334977      -0.238733
       -1.41182      -0.110787       -0.36013      -0.268304
       -1.45757      -0.156545      -0.386473       -0.29927
       -1.50333      -0.202302      -0.413987      -0.331535
       -1.54909       -0.24806      -0.442646      -0.365002
       -1.59485      -0.293817      -0.472419      -0.399578
        -1.6406      -0.339575      -0.503272      -0.435176
       -1.68636      -0.385332      -0.535165       -0.47171
       -1.73212       -0.43109      -0.568056      -0.509103
       -1.77788      -0.476847        -0.6019      -0.547281
       -1.82363      -0.522605      -0.636649      -0.586175
       -1.86939      -0.568362      -0.672255      -0.625721
       -1.91515       -0.61412       -0.70867       -0.66586
       -1.96091      -0.659877      -0.745845      -0.706539
       -2.00666      -0.705635       -0.78373      -0.747707
       -2.05242      -0.751392      -0.822279       -0.78932
       -2.09818       -0.79715      -0.861445      -0.831336
       -2.14394      -0.842907      -0.901183      -0.873716
       -2.18969      -0.888665      -0.941452      -0.916426
       -2.23545      -0.934422       -0.98221      -0.959434
       -2.28121       -0.98018       -1.02342       -1.00271
       -2.32697       -1.02594       -1.06504       -1.04623
       -2.37272       -1.07169       -1.10704       -1.08998
       -2.41848       -1.11745       -1.14939       -1.13392
       -2.46424       -1.16321       -1.19206       -1.17804
          -2.51       -1.20897       -1.23501       -1.22232
       -2.55575       -1.25472       -1.27824       -1.26675
       -2.60151       -1.30048        -1.3217       -1.31131
       -2.64727       -1.34624       -1.36538       -1.35599
       -2.69303         -1.392       -1.40926       -1.40077
       -2.73878       -1.43775       -1.45332       -1.44566
       -2.78454       -1.48351       -1.49755       -1.49063
        -2.8303       -1.52927       -1.54192       -1.53567
       -2.87606       -1.57503       -1.58643       -1.58079
       -2.92181       -1.62078       -1.63106       -1.62597
       -2.96757       -1.66654        -1.6758       -1.67121
       -3.01333        -1.7123       -1.72064        -1.7165
       -3.05909       -1.75806       -1.76557       -1.76184
       -3.10484       -1.80381       -1.81058       -1.80722
        -3.1506       -1.84957       -1.85567       -1.85264
       -3.19636       -1.89533       -1.90082       -1.89809
       -3.24212       -1.94109       -1.94603       -1.94357
       -3.28787       -1.98684        -1.9913       -1.98908
       -3.33363        -2.0326       -2.03661       -2.03461
       -3.37939       -2.07836       -2.08197       -2.08017
       -3.42515       -2.12412       -2.12737       -2.12575
        -3.4709       -2.16987        -2.1728       -2.17134
       -3.51666       -2.21563       -2.21827       -2.21695
       -3.56242       -2.26139       -2.26376       -2.26258
       -3.60818       -2.30715       -2.30928       -2.30822
       -3.65393        -2.3529       -2.35483       -2.35387
       -3.69969       -2.39866       -2.40039       -2.39953
       -3.74545       -2.44442       -2.44598        -2.4452
       -3.79121       -2.49018       -2.49158       -2.49088
       -3.83696       -2.53593        -2.5372       -2.53657
       -3.88272       -2.58169       -2.58283       -2.58226
       -3.92848       -2.62745       -2.62847       -2.62796
       -3.97424       -2.67321       -2.67413       -2.67367
       -4.01999       -2.71896       -2.71979       -2.71938
       -4.06575       -2.76472       -2.76547        -2.7651
       -4.11151       -2.81048       -2.81115       -2.81082
       -4.15727       -2.85624       -2.85684       -2.85654
       -4.20302       -2.90199       -2.90254       -2.90227
       -4.24878       -2.94775       -2.94824         -2.948
       -4.29454       -2.99351       -2.99395       -2.99373
        -4.3403       -3.03927       -3.03966       -3.03947
       -4.38605       -3.08502       -3.08538        -3.0852
       -4.43181       -3.13078        -3.1311       -3.13094
       -4.47757       -3.17654       -3.17683       -3.17668
       -4.52333        -3.2223       -3.22256       -3.22243
       -4.56908       -3.26805       -3.26829       -3.26817
       -4.61484       -3.31381       -3.31402       -3.31392
        -4.6606       -3.35957       -3.35976       -3.35966
       -4.70636       -3.40533        -3.4055       -3.40541
       -4.75211       -3.45108       -3.45124       -3.45116
       -4.79787       -3.49684       -3.49698       -3.49691
       -4.84363        -3.5426       -3.54272       -3.54266
       -4.88939       -3.58836       -3.58847       -3.58841
       -4.93514       -3.63411       -3.63422       -3.63416
        -4.9809       -3.67987       -3.67996       -3.67992
       -5.02666       -3.72563       -3.72571       -3.72567
       -5.07242       -3.77139       -3.77146       -3.77142
       -5.11817       -3.81714       -3.81721       -3.81718
       -5.16393        -3.8629       -3.86296       -3.86293
       -5.20969       -3.90866       -3.90871       -3.90869
       -5.25545       -3.95442       -3.95446       -3.95444
        -5.3012       -4.00017       -4.00022        -4.0002
       -5.34696       -4.04593       -4.04597       -4.04595
       -5.39272       -4.09169       -4.09172       -4.09171
       -5.43848       -4.13745       -4.13748       -4.13746
       -5.48423        -4.1832       -4.18323       -4.18322
       -5.52999       -4.22896       -4.22899       -4.22897
       -5.57575       -4.27472       -4.27474       -4.27473
       -5.62151       -4.32048        -4.3205       -4.32049
       -5.66726       -4.36623       -4.36625       -4.36624
       -5.71302       -4.41199       -4.41201         -4.412
       -5.75878       -4.45775       -4.45776       -4.45776
       -5.80454       -4.50351       -4.50352       -4.50351
       -5.85029       -4.54926       -4.54928       -4.54927
       -5.89605       -4.59502       -4.59503       -4.59503
       -5.94181       -4.64078       -4.64079       -4.64078
       -5.98757       -4.68654       -4.68655       -4.68654
       -6.03332       -4.73229        -4.7323        -4.7323
       -6.07908       -4.77805       -4.77806       -4.77806
       -6.12484       -4.82381       -4.82382       -4.82381
        -6.1706       -4.86957       -4.86957       -4.86957
       -6.21635       -4.91532       -4.91533       -4.91533
       -6.26211       -4.96108       -4.96109       -4.96108
       -6.30787       -5.00684       -5.00684       -5.00684
       -6.35363        -5.0526        -5.0526        -5.0526
       -6.39938       -5.09835       -5.09836       -5.09836
       -6.44514       -5.14411       -5.14411       -5.14411
        -6.4909       -5.18987       -5.18987       -5.18987
       -6.53666       -5.23563       -5.23563       -5.23563
       -6.58241       -5.28138       -5.28139       -5.28138
       -6.62817       -5.32714       -5.32714       -5.32714
       -6.67393        -5.3729        -5.3729        -5.3729
       -6.71969       -5.41866       -5.41866       -5.41866
       -6.76544       -5.46441       -5.46442       -5.46441
        -6.8112       -5.51017       -5.51017       -5.51017
       -6.85696       -5.55593       -5.55593       -5.55593
       -6.90272       -5.60169       -5.60169       -5.60169
       -6.94847       -5.64744       -5.64744       -5.64744
       -6.99423        -5.6932        -5.6932        -5.6932
       -7.03999       -5.73896       -5.73896       -5.73896
       -7.08575       -5.78472       -5.78472       -5.78472
        -7.1315       -5.83047       -5.83047       -5.83047
       -7.17726       -5.87623       -5.87623       -5.87623
       -7.22302       -5.92199       -5.92199       -5.92199
       -7.26878       -5.96775       -5.96775       -5.96775
       -7.31453        -6.0135        -6.0135        -6.0135
       -7.36029       -6.05926       -6.05926       -6.05926
       -7.40605       -6.10502       -6.10502       -6.10502
       -7.45181       -6.15078       -6.15078       -6.15078
       -7.49756       -6.19653       -6.19653       -6.19653
       -7.54332       -6.24229       -6.24229       -6.24229
       -7.58908       -6.28805       -6.28805       -6.28805
       -7.63484       -6.33381       -6.33381       -6.33381
       -7.68059       -6.37956       -6.37956       -6.37956
       -7.72635       -6.42532       -6.42532       -6.42532
       -7.77211       -6.47108       -6.47108       -6.47108
       -7.81787       -6.51684       -6.51684       -6.51684
       -7.86362       -6.56259       -6.56259       -6.56259
       -7.90938       -6.60835       -6.60835       -6.60835
       -7.95514       -6.65411       -6.65411       -6.65411
        -8.0009       -6.69987       -6.69987       -6.69987
       -8.04665       -6.74562       -6.74562       -6.74562
       -8.09241       -6.79138       -6.79138       -6.79138
       -8.13817       -6.83714       -6.83714       -6.83714
       -8.18393        -6.8829        -6.8829        -6.8829
       -8.22968       -6.92865       -6.92865       -6.92865
       -8.27544       -6.97441       -6.97441       -6.97441
        -8.3212       -7.02017       -7.02017       -7.02017
       -8.36696       -7.06593       -7.06593       -7.06593
       -8.41271       -7.11168       -7.11168       -7.11168
       -8.45847       -7.15744       -7.15744       -7.15744
       -8.50423        -7.2032        -7.2032        -7.2032
       -8.54999       -7.24896       -7.24896       -7.24896
       -8.59574       -7.29471       -7.29471       -7.29471
        -8.6415       -7.34047       -7.34047       -7.34047
       -8.68726       -7.38623       -7.38623       -7.38623
       -8.73302       -7.43199       -7.43199       -7.43199
       -8.77877       -7.47774       -7.47774       -7.47774
       -8.82453        -7.5235        -7.5235        -7.5235
       -8.87029       -7.56926       -7.56926       -7.56926
       -8.91605       -7.61502       -7.61502       -7.61502
        -8.9618       -7.66077       -7.66077       -7.66077
       -9.00756       -7.70653       -7.70653       -7.70653
       -9.05332       -7.75229       -7.75229       -7.75229
       -9.09908       -7.79805       -7.79805       -7.79805
       -9.14483        -7.8438        -7.8438        -7.8438
       -9.19059       -7.88956       -7.88956       -7.88956
       -9.23635       -7.93532       -7.93532       -7.93532
       -9.28211       -7.98108       -7.98108       -7.98108
       -9.32786       -8.02683       -8.02683       -8.02683
       -9.37362       -8.07259       -8.07259       -8.07259
       -9.41938       -8.11835       -8.11835       -8.11835
       -9.46514       -8.16411       -8.16411       -8.16411
       -9.51089       -8.20986       -8.20986       -8.20986
       -9.55665       -8.25562       -8.25562       -8.25562
       -9.60241       -8.30138       -8.30138       -8.30138
       -9.64817       -8.34714       -8.34714       -8.34714
       -9.69392       -8.39289       -8.39289       -8.09186
       -9.73968       -8.43865       -8.43865       -7.59355
       -9.78544       -8.48441       -8.48441       -8.18338
        -9.8312       -8.53017       -8.53017       -8.05304
       -9.87695       -8.57592       -8.57592        -8.0988
       -9.92271       -8.62168       -8.62168       -8.32065
       -9.96847       -8.66744       -8.66744       -7.88929
       -10.0142        -8.7132        -8.7132       -8.11114
         -10.06       -8.75895       -8.75895       -8.75895
       -10.1057       -8.80471       -8.80471       -8.50368
       -10.1515       -8.85047       -8.85047       -8.24841
       -10.1973       -8.89623       -8.89623       -8.89623
        -10.243       -8.94198       -8.94198       -8.94198
       -10.2888       -8.98774       -8.98774       -8.68671
       -10.3345        -9.0335        -9.0335       -8.73247
       -10.3803       -9.07926       -9.07926       -8.23416
        -10.426       -9.12501       -9.12501       -8.82398
       -10.4718       -9.17077       -9.17077       -8.86974
       -10.5176       -9.21653       -9.21653        -8.9155
       -10.5633       -9.26229       -9.26229       -8.96126
       -10.6091       -9.30804       -9.30804       -9.00701
       -10.6548        -9.3538        -9.3538       -9.05277
       -10.7006       -9.39956       -9.39956       -8.70059
       -10.7463       -9.44532       -9.44532       -9.14429
       -10.7921       -9.49107       -9.49107       -9.01395
       -10.8379       -9.53683       -9.53683       -9.05971
       -10.8836       -9.58259       -9.58259       -9.28156
       -10.9294       -9.62835       -9.62835       -9.32732
       -10.9751        -9.6741        -9.6741       -9.07204
       -11.0209       -9.71986       -9.71986       -9.41883
       -11.0666       -9.76562       -9.76562        -9.2885
       -11.1124       -9.81138       -9.81138       -9.33425
       -11.1582       -9.85713       -9.85713       -8.85713
       -11.2039       -9.90289       -9.90289       -9.60186
       -11.2497       -9.94865       -9.94865       -9.64762
       -11.2954       -9.99441       -9.99441       -9.69338
       -11.3412       -10.0402       -10.0402       -9.56304
        -11.387       -10.0859       -10.0859       -9.78489
       -11.4327       -10.1317       -10.1317       -9.83065
       -11.4785       -10.1774       -10.1774       -9.87641
       -11.5242       -10.2232       -10.2232       -8.90097
         -11.57       -10.2689       -10.2689       -9.79183
       -11.6157       -10.3147       -10.3147       -10.0137
       -11.6615       -10.3605       -10.3605       -10.0594
       -11.7073       -10.4062       -10.4062       -10.1052
        -11.753        -10.452        -10.452       -9.54889
       -11.7988       -10.4977       -10.4977       -10.1967
       -11.8445       -10.5435       -10.5435       -10.2425
       -11.8903       -10.5893       -10.5893       -10.2882
        -11.936        -10.635        -10.635        -10.334
       -11.9818       -10.6808       -10.6808       -10.3797
       -12.0276       -10.7265       -10.7265       -10.4255
       -12.0733       -10.7723       -10.7723       -10.2952
       -12.1191        -10.818        -10.818        -10.517
       -12.1648       -10.8638       -10.8638       -10.5628
       -12.2106       -10.9096       -10.9096       -10.4324
       -12.2563       -10.9553       -10.9553       -10.6543
       -12.3021       -11.0011       -11.0011       -10.5239
       -12.3479       -11.0468       -11.0468       -10.5697
       -12.3936       -11.0926       -11.0926       -10.6155
       -12.4394       -11.1383       -11.1383       -10.4394
       -12.4851       -11.1841       -11.1841        -10.707
       -12.5309       -11.2299       -11.2299       -10.9288
       -12.5766       -11.2756       -11.2756       -10.9746
       -12.6224       -11.3214       -11.3214       -11.0203
       -12.6682       -11.3671       -11.3671       -10.7651
       -12.7139       -11.4129       -11.4129       -10.8108
       -12.7597       -11.4586       -11.4586       -10.8566
       -12.8054       -11.5044       -11.5044       -10.0894
       -12.8512       -11.5502       -11.5502       -11.2491
       -12.8969       -11.5959       -11.5959       -11.2949
       -12.9427       -11.6417       -11.6417       -11.0396
       -12.9885       -11.6874       -11.6874       -11.3864
       -13.0342       -11.7332       -11.7332       -11.4322
         -13.08       -11.7789       -11.7789       -11.4779
       -13.1257       -11.8247       -11.8247       -11.5237
       -13.1715       -11.8704       -11.8704       -11.5694
       -13.2172       -11.9162       -11.9162       -11.6152
        -13.263        -11.962        -11.962       -11.4849
       -13.3088       -12.0077       -12.0077       -11.7067
       -13.3545       -12.0535       -12.0535       -11.7525
       -13.4003       -12.0992       -12.0992       -11.7982
        -13.446        -12.145        -12.145        -11.844
       -13.4918       -12.1907       -12.1907       -11.7136
       -13.5376       -12.2365       -12.2365       -11.7594
       -13.5833       -12.2822       -12.2822       -11.8052
       -13.6291        -12.328        -12.328        -12.027
       -13.6748       -12.3737       -12.3737       -11.7717
       -13.7206       -12.4195       -12.4195       -11.1408
       -13.7663       -12.4652       -12.4652       -12.1643
       -13.8121        -12.511        -12.511       -11.1686
       -13.8579       -12.5567       -12.5567       -10.7439
       -13.9036       -12.6025       -12.6025       -12.3016
       -13.9494       -12.6482       -12.6482       -12.3473
       -13.9951        -12.694        -12.694        -12.217
       -14.0409       -12.7397       -12.7397       -11.6985
       -14.0866       -12.7855       -12.7855       -11.9405
       -14.1324       -12.8312       -12.8312       -12.5304
       -14.1782       -12.8769       -12.8769          -12.4
       -14.2239       -12.9227       -12.9227       -12.6219
       -14.2697       -12.9684       -12.9684       -12.6677
       -14.3154       -13.0142       -13.0142       -12.7133
       -14.3612       -13.0599       -13.0599       -12.7592
       -14.4069       -13.1056       -13.1056       -12.6289
       -14.4527       -13.1513       -13.1513       -12.8508
       -14.4985       -13.1971       -13.1971       -12.8965
       -14.5442       -13.2428       -13.2428        -11.863
         -14.59       -13.2885       -13.2885        -12.988
       -14.6357       -13.3342       -13.3342       -12.8577
       -14.6815       -13.3799       -13.3799       -13.0795
       -14.7272       -13.4256       -13.4256       -12.6482
        -14.773       -13.4713       -13.4713       -12.9951
       -14.8188       -13.5169       -13.5169       -13.2166
       -14.8645       -13.5626       -13.5626       -13.2626
       -14.9103       -13.6083       -13.6083       -13.3082
        -14.956       -13.6539       -13.6539       -13.3536
       -15.0018       -13.6996       -13.6996       -13.3995
       -15.0475       -13.7452       -13.7452       -13.4454
       -15.0933       -13.7909       -13.7909       -13.3151
       -15.1391       -13.8364       -13.8364       -13.3613
       -15.1848       -13.8821       -13.8821       -13.5835
       -15.2306       -13.9275       -13.9275       -13.0267
       -15.2763        -13.973        -13.973       -13.6736
       -15.3221       -14.0186       -14.0186       -13.5447
       -15.3679       -14.0641       -14.0641       -13.7671
       -15.4136       -14.1101       -14.1101       -14.1095
       -15.4594       -14.1549       -14.1549       -12.5902
       -15.5051       -14.2003       -14.2003       -13.7267
       -15.5509       -14.2456       -14.2456       -13.9503
       -15.5966       -14.2909       -14.2909       -13.6945
       -15.6424       -14.3361       -14.3361       -14.0408
       -15.6882       -14.3813       -14.3813       -13.4848
       -15.7339       -14.4264       -14.4264        -14.135
       -15.7797       -14.4715       -14.4715       -13.6344
       -15.8254       -14.5165       -14.5165       -13.6804
       -15.8712       -14.5614       -14.5614       -14.2733
       -15.9169       -14.6063       -14.6063       -14.1417
       -15.9627        -14.651        -14.651       -13.8179
       -16.0085       -14.6985       -14.6985       -14.4105
       -16.0542       -14.7416       -14.7416       -13.9769
          -16.1       -14.7845       -14.7845       -14.3211
       -16.1457       -14.8282       -14.8282       -14.1484
       -16.1915       -14.8725       -14.8725       -13.6874
       -16.2372       -14.9159       -14.9159       -14.6324
        -16.283       -14.9616       -14.9616       -14.6758
       -16.3288       -15.0049       -15.0049       -14.7241
       -16.3745        -15.046        -15.046       -14.4775
       -16.4203       -15.0888       -15.0888       -14.5232
        -16.466       -15.1319       -15.1319       -14.8754
       -16.5118       -15.1733       -15.1733       -13.6804
       -16.5575       -15.2155       -15.2155       -13.5672
       -16.6033       -15.2565       -15.2565       -15.0003
       -16.6491       -15.2974       -15.2974       -15.0515
       -16.6948       -15.3379       -15.3379       -14.5566
       -16.7406       -15.3782       -15.3782       -14.9546
       -16.7863       -15.4175       -15.4175       -14.4922
       -16.8321       -15.4565       -15.4565       -14.4231
       -16.8778       -15.4949       -15.4949       -15.2556
       -16.9236       -15.5327       -15.5327       -15.3525
       -16.9694       -15.5747       -15.5747       -14.7785
       -17.0151       -15.6044       -15.6044       -15.4775
       -17.0609       -15.6418       -15.6418       -14.5929
       -17.1066       -15.6811       -15.6811       -15.4775
       -17.1524       -15.7096       -15.7096       -15.3525
       -17.1982       -15.7398       -15.7398       -15.6536
       -17.2439       -15.7729       -15.7729       -15.6536
       -17.2897       -15.8022       -15.8022       -15.1764
       -17.3354       -15.8312       -15.8312       -15.6536
       -17.3812       -15.8588       -15.8588       -15.3525
       -17.4269       -15.8901       -15.8901       -15.4775
       -17.4727       -15.9117       -15.9117       -15.6536
       -17.5185       -15.9355       -15.9355       -15.2556
       -17.5642       -15.9586       -15.9586       -15.9546
         -17.61       -15.9813       -15.9813       -15.9546
       -17.6557        -16.005        -16.005       -15.9546
       -17.7015       -16.0248       -16.0248       -15.9546
       -17.7472       -16.0499       -16.0499       -15.9546
        -17.793        -16.067        -16.067       -15.9546
       -17.8388       -16.0754       -16.0754       -15.9546
       -17.8845       -16.1064       -16.1064       -15.9546
       -17.9303       -16.1027       -16.1027       -15.9546
        -17.976       -16.1317       -16.1317       -15.9546
