              0              0              0              0              0
           0.01       0.181267            0.2        0.16666       0.181814
           0.02       0.329662       0.359992       0.305527        0.33056
           0.03       0.451139       0.487968       0.421229       0.452241
           0.04       0.550575       0.590328       0.517626       0.551779
           0.05       0.631967       0.672197       0.597939         0.6332
           0.06       0.698589       0.737676       0.664849         0.6998
           0.07       0.753122       0.790047       0.720594       0.754278
           0.08        0.79776       0.831935       0.767038       0.798842
           0.09       0.834301       0.865441       0.805735       0.835298
            0.1       0.864216       0.892245       0.837979       0.865123
           0.11       0.888708       0.913689       0.864848       0.889526
           0.12       0.908762       0.930848        0.88724       0.909493
           0.13       0.925186        0.94458       0.905903       0.925835
           0.14       0.938638       0.955572        0.92146        0.93921
           0.15       0.949657       0.964372        0.93443        0.95016
           0.16       0.958686       0.971419       0.945244       0.959125
           0.17       0.966085       0.977064       0.954263       0.966468
           0.18        0.97215       0.981587       0.961786       0.972483
           0.19       0.977123       0.985212       0.968062       0.977411
            0.2       0.981201       0.988118         0.9733        0.98145
           0.21       0.984547       0.990449       0.977671       0.984761
           0.22       0.987292       0.992319       0.981321       0.987476
           0.23       0.989545       0.993819       0.984368       0.989703
           0.24       0.991395       0.995024       0.986914       0.991531
           0.25       0.992915       0.995992       0.989042       0.993031
           0.26       0.994164        0.99677        0.99082       0.994263
           0.27        0.99519       0.997396       0.992306       0.995275
           0.28       0.996034       0.997899       0.993549       0.996107
           0.29       0.996729       0.998304       0.994589        0.99679
            0.3         0.9973        0.99863        0.99546       0.997353
           0.31       0.997771       0.998893       0.996189       0.997815
           0.32       0.998158       0.999104       0.996799       0.998196
           0.33       0.998478       0.999275       0.997311        0.99851
           0.34       0.998741       0.999413       0.997739       0.998768
           0.35       0.998958       0.999524       0.998099       0.998981
           0.36       0.999137       0.999614         0.9984       0.999157
           0.37       0.999285       0.999687       0.998653       0.999302
           0.38       0.999408       0.999746       0.998866       0.999422
           0.39       0.999509       0.999793       0.999044       0.999521
            0.4       0.999592       0.999832       0.999194       0.999603
           0.41       0.999661       0.999863       0.999321        0.99967
           0.42       0.999719       0.999889       0.999427       0.999726
           0.43       0.999766       0.999909       0.999516       0.999772
           0.44       0.999805       0.999926       0.999591       0.999811
           0.45       0.999838        0.99994       0.999654       0.999843
           0.46       0.999865       0.999951       0.999708       0.999869
           0.47       0.999888        0.99996       0.999753       0.999891
           0.48       0.999906       0.999967       0.999791       0.999909
           0.49       0.999922       0.999973       0.999823       0.999924
            0.5       0.999935       0.999978        0.99985       0.999937
           0.51       0.999945       0.999982       0.999873       0.999947
           0.52       0.999954       0.999985       0.999892       0.999956
           0.53       0.999962       0.999988       0.999908       0.999963
           0.54       0.999968        0.99999       0.999922       0.999969
           0.55       0.999973       0.999992       0.999934       0.999974
           0.56       0.999978       0.999993       0.999944       0.999978
           0.57       0.999981       0.999994       0.999952       0.999982
           0.58       0.999984       0.999995       0.999959       0.999985
           0.59       0.999987       0.999996       0.999965       0.999987
            0.6       0.999989       0.999997        0.99997       0.999989
           0.61       0.999991       0.999997       0.999975       0.999991
           0.62       0.999992       0.999998       0.999978       0.999992
           0.63       0.999993       0.999998       0.999982       0.999994
           0.64       0.999994       0.999999       0.999984       0.999995
           0.65       0.999995       0.999999       0.999987       0.999995
           0.66       0.999996       0.999999       0.999989       0.999996
           0.67       0.999997       0.999999        0.99999       0.999997
           0.68       0.999997       0.999999       0.999992       0.999997
           0.69       0.999998       0.999999       0.999993       0.999998
            0.7       0.999998              1       0.999994       0.999998
           0.71       0.999998              1       0.999995       0.999998
           0.72       0.999999              1       0.999995       0.999999
           0.73       0.999999              1       0.999996       0.999999
           0.74       0.999999              1       0.999997       0.999999
           0.75       0.999999              1       0.999997       0.999999
           0.76       0.999999              1       0.999998       0.999999
           0.77       0.999999              1       0.999998       0.999999
           0.78       0.999999              1       0.999998       0.999999
           0.79              1              1       0.999998              1
            0.8              1              1       0.999999              1
           0.81              1              1       0.999999              1
           0.82              1              1       0.999999              1
           0.83              1              1       0.999999              1
           0.84              1              1       0.999999              1
           0.85              1              1       0.999999              1
           0.86              1              1       0.999999              1
           0.87              1              1              1              1
           0.88              1              1              1              1
           0.89              1              1              1              1
            0.9              1              1              1              1
           0.91              1              1              1              1
           0.92              1              1              1              1
           0.93              1              1              1              1
           0.94              1              1              1              1
           0.95              1              1              1              1
           0.96              1              1              1              1
           0.97              1              1              1              1
           0.98              1              1              1              1
           0.99              1              1              1              1
