              0              0              0
           0.01       0.181267              4
           0.02       0.329662              4
           0.03       0.451139              4
           0.04       0.550575              4
           0.05       0.631967              4
           0.06       0.698589              4
           0.07       0.753122              4
           0.08        0.79776              4
           0.09       0.834301              4
            0.1       0.864216              4
           0.11       0.888708              4
           0.12       0.908762              4
           0.13       0.925186              4
           0.14       0.938638              4
           0.15       0.949657              4
           0.16       0.958686              4
           0.17       0.966085              4
           0.18        0.97215              4
           0.19       0.977123              4
            0.2       0.981201       -7.76923
           0.21       0.984547       -7.76923
           0.22       0.987292       -7.76923
           0.23       0.989545       -7.76923
           0.24       0.991395       -7.76923
           0.25       0.992915       -7.76923
           0.26       0.994164       -7.76923
           0.27        0.99519       -7.76923
           0.28       0.996034       -7.76923
           0.29       0.996729       -7.76923
            0.3         0.9973       -7.76923
           0.31       0.997771       -7.76923
           0.32       0.998158       -7.76923
           0.33       0.998478       -7.76923
           0.34       0.998741       -7.76923
           0.35       0.998958       -7.76923
           0.36       0.999137       -7.76923
           0.37       0.999285       -7.76923
           0.38       0.999408       -7.76923
           0.39       0.999509       -7.76923
            0.4       0.999592        24.8886
           0.41       0.999661        24.8886
           0.42       0.999719        24.8886
           0.43       0.999766        24.8886
           0.44       0.999805        24.8886
           0.45       0.999838        24.8886
           0.46       0.999865        24.8886
           0.47       0.999888        24.8886
           0.48       0.999906        24.8886
           0.49       0.999922        24.8886
            0.5       0.999935        24.8886
           0.51       0.999945        24.8886
           0.52       0.999954        24.8886
           0.53       0.999962        24.8886
           0.54       0.999968        24.8886
           0.55       0.999973        24.8886
           0.56       0.999978        24.8886
           0.57       0.999981        24.8886
           0.58       0.999984        24.8886
           0.59       0.999987        24.8886
            0.6       0.999989       -58.0189
           0.61       0.999991       -58.0189
           0.62       0.999992       -58.0189
           0.63       0.999993       -58.0189
           0.64       0.999994       -58.0189
           0.65       0.999995       -58.0189
           0.66       0.999996       -58.0189
           0.67       0.999997       -58.0189
           0.68       0.999997       -58.0189
           0.69       0.999998       -58.0189
            0.7       0.999998       -58.0189
           0.71       0.999998       -58.0189
           0.72       0.999999       -58.0189
           0.73       0.999999       -58.0189
           0.74       0.999999       -58.0189
           0.75       0.999999       -58.0189
           0.76       0.999999       -58.0189
           0.77       0.999999       -58.0189
           0.78       0.999999       -58.0189
           0.79              1       -58.0189
            0.8              1        131.993
           0.81              1        131.993
           0.82              1        131.993
           0.83              1        131.993
           0.84              1        131.993
           0.85              1        131.993
           0.86              1        131.993
           0.87              1        131.993
           0.88              1        131.993
           0.89              1        131.993
            0.9              1        131.993
           0.91              1        131.993
           0.92              1        131.993
           0.93              1        131.993
           0.94              1        131.993
           0.95              1        131.993
           0.96              1        131.993
           0.97              1        131.993
           0.98              1        131.993
           0.99              1        131.993
