0 0
0.001 0.0198013
0.002 0.0392105
0.003 0.0582354
0.004 0.0768835
0.005 0.0951622
0.006 0.113079
0.007 0.130641
0.008 0.147855
0.009 0.164728
0.01 0.181267
0.011 0.197478
0.012 0.213368
0.013 0.228943
0.014 0.244209
0.015 0.259173
0.016 0.273841
0.017 0.288218
0.018 0.30231
0.019 0.316123
0.02 0.329662
0.021 0.342933
0.022 0.355941
0.023 0.368691
0.024 0.381188
0.025 0.393438
0.026 0.405445
0.027 0.417214
0.028 0.428749
0.029 0.440056
0.03 0.451139
0.031 0.462002
0.032 0.47265
0.033 0.483087
0.034 0.493317
0.035 0.503344
0.036 0.513172
0.037 0.522806
0.038 0.532248
0.039 0.541503
0.04 0.550575
0.041 0.559467
0.042 0.568183
0.043 0.576726
0.044 0.585099
0.045 0.593307
0.046 0.601352
0.047 0.609237
0.048 0.616966
0.049 0.624542
0.05 0.631967
0.051 0.639246
0.052 0.64638
0.053 0.653373
0.054 0.660226
0.055 0.666945
0.056 0.67353
0.057 0.679984
0.058 0.68631
0.059 0.692511
0.06 0.698589
0.061 0.704547
0.062 0.710386
0.063 0.71611
0.064 0.72172
0.065 0.727219
0.066 0.732609
0.067 0.737892
0.068 0.743071
0.069 0.748147
0.07 0.753122
0.071 0.757998
0.072 0.762778
0.073 0.767463
0.074 0.772056
0.075 0.776557
0.076 0.780969
0.077 0.785294
0.078 0.789532
0.079 0.793687
0.08 0.79776
0.081 0.801752
0.082 0.805665
0.083 0.8095
0.084 0.813259
0.085 0.816944
0.086 0.820555
0.087 0.824096
0.088 0.827566
0.089 0.830967
0.09 0.834301
0.091 0.837569
0.092 0.840772
0.093 0.843912
0.094 0.846989
0.095 0.850006
0.096 0.852962
0.097 0.855861
0.098 0.858702
0.099 0.861486
0.1 0.864216
0.101 0.866891
0.102 0.869513
0.103 0.872084
0.104 0.874604
0.105 0.877073
0.106 0.879494
0.107 0.881867
0.108 0.884193
0.109 0.886473
0.11 0.888708
0.111 0.890898
0.112 0.893046
0.113 0.89515
0.114 0.897213
0.115 0.899236
0.116 0.901218
0.117 0.903161
0.118 0.905066
0.119 0.906932
0.12 0.908762
0.121 0.910556
0.122 0.912315
0.123 0.914038
0.124 0.915728
0.125 0.917384
0.126 0.919007
0.127 0.920598
0.128 0.922158
0.129 0.923687
0.13 0.925186
0.131 0.926655
0.132 0.928095
0.133 0.929507
0.134 0.930891
0.135 0.932247
0.136 0.933577
0.137 0.93488
0.138 0.936158
0.139 0.93741
0.14 0.938638
0.141 0.939841
0.142 0.941021
0.143 0.942177
0.144 0.943311
0.145 0.944422
0.146 0.945511
0.147 0.946579
0.148 0.947625
0.149 0.948651
0.15 0.949657
0.151 0.950643
0.152 0.95161
0.153 0.952557
0.154 0.953486
0.155 0.954396
0.156 0.955289
0.157 0.956163
0.158 0.957021
0.159 0.957862
0.16 0.958686
0.161 0.959494
0.162 0.960286
0.163 0.961062
0.164 0.961823
0.165 0.962569
0.166 0.963301
0.167 0.964018
0.168 0.964721
0.169 0.96541
0.17 0.966085
0.171 0.966747
0.172 0.967396
0.173 0.968033
0.174 0.968657
0.175 0.969268
0.176 0.969868
0.177 0.970455
0.178 0.971032
0.179 0.971596
0.18 0.97215
0.181 0.972693
0.182 0.973225
0.183 0.973747
0.184 0.974258
0.185 0.97476
0.186 0.975251
0.187 0.975733
0.188 0.976206
0.189 0.976669
0.19 0.977123
0.191 0.977568
0.192 0.978004
0.193 0.978432
0.194 0.978852
0.195 0.979263
0.196 0.979666
0.197 0.980061
0.198 0.980449
0.199 0.980829
0.2 0.981201
0.201 0.981566
0.202 0.981924
0.203 0.982275
0.204 0.982619
0.205 0.982956
0.206 0.983287
0.207 0.983611
0.208 0.983929
0.209 0.984241
0.21 0.984547
0.211 0.984846
0.212 0.98514
0.213 0.985428
0.214 0.98571
0.215 0.985987
0.216 0.986258
0.217 0.986524
0.218 0.986785
0.219 0.987041
0.22 0.987292
0.221 0.987538
0.222 0.987779
0.223 0.988015
0.224 0.988247
0.225 0.988474
0.226 0.988697
0.227 0.988915
0.228 0.989129
0.229 0.989339
0.23 0.989545
0.231 0.989747
0.232 0.989945
0.233 0.990139
0.234 0.990329
0.235 0.990516
0.236 0.990699
0.237 0.990878
0.238 0.991054
0.239 0.991226
0.24 0.991395
0.241 0.991561
0.242 0.991724
0.243 0.991883
0.244 0.992039
0.245 0.992193
0.246 0.992343
0.247 0.99249
0.248 0.992635
0.249 0.992776
0.25 0.992915
0.251 0.993051
0.252 0.993185
0.253 0.993316
0.254 0.993444
0.255 0.99357
0.256 0.993694
0.257 0.993815
0.258 0.993933
0.259 0.99405
0.26 0.994164
0.261 0.994276
0.262 0.994386
0.263 0.994493
0.264 0.994599
0.265 0.994702
0.266 0.994804
0.267 0.994903
0.268 0.995001
0.269 0.995096
0.27 0.99519
0.271 0.995282
0.272 0.995373
0.273 0.995461
0.274 0.995548
0.275 0.995633
0.276 0.995716
0.277 0.995798
0.278 0.995878
0.279 0.995957
0.28 0.996034
0.281 0.99611
0.282 0.996184
0.283 0.996257
0.284 0.996328
0.285 0.996398
0.286 0.996467
0.287 0.996534
0.288 0.9966
0.289 0.996665
0.29 0.996729
0.291 0.996791
0.292 0.996852
0.293 0.996912
0.294 0.996971
0.295 0.997028
0.296 0.997085
0.297 0.99714
0.298 0.997195
0.299 0.997248
0.3 0.9973
0.301 0.997351
0.302 0.997402
0.303 0.997451
0.304 0.997499
0.305 0.997547
0.306 0.997593
0.307 0.997639
0.308 0.997684
0.309 0.997728
0.31 0.997771
0.311 0.997813
0.312 0.997854
0.313 0.997895
0.314 0.997935
0.315 0.997974
0.316 0.998012
0.317 0.99805
0.318 0.998087
0.319 0.998123
0.32 0.998158
0.321 0.998193
0.322 0.998227
0.323 0.998261
0.324 0.998293
0.325 0.998326
0.326 0.998357
0.327 0.998388
0.328 0.998419
0.329 0.998448
0.33 0.998478
0.331 0.998506
0.332 0.998534
0.333 0.998562
0.334 0.998589
0.335 0.998616
0.336 0.998642
0.337 0.998667
0.338 0.998692
0.339 0.998717
0.34 0.998741
0.341 0.998765
0.342 0.998788
0.343 0.998811
0.344 0.998833
0.345 0.998855
0.346 0.998876
0.347 0.998897
0.348 0.998918
0.349 0.998938
0.35 0.998958
0.351 0.998978
0.352 0.998997
0.353 0.999016
0.354 0.999034
0.355 0.999052
0.356 0.99907
0.357 0.999087
0.358 0.999104
0.359 0.999121
0.36 0.999137
0.361 0.999154
0.362 0.999169
0.363 0.999185
0.364 0.9992
0.365 0.999215
0.366 0.99923
0.367 0.999244
0.368 0.999258
0.369 0.999272
0.37 0.999285
0.371 0.999299
0.372 0.999312
0.373 0.999325
0.374 0.999337
0.375 0.999349
0.376 0.999362
0.377 0.999373
0.378 0.999385
0.379 0.999396
0.38 0.999408
0.381 0.999419
0.382 0.999429
0.383 0.99944
0.384 0.99945
0.385 0.999461
0.386 0.999471
0.387 0.99948
0.388 0.99949
0.389 0.999499
0.39 0.999509
0.391 0.999518
0.392 0.999527
0.393 0.999536
0.394 0.999544
0.395 0.999553
0.396 0.999561
0.397 0.999569
0.398 0.999577
0.399 0.999585
0.4 0.999592
0.401 0.9996
0.402 0.999607
0.403 0.999614
0.404 0.999622
0.405 0.999629
0.406 0.999635
0.407 0.999642
0.408 0.999649
0.409 0.999655
0.41 0.999661
0.411 0.999668
0.412 0.999674
0.413 0.99968
0.414 0.999686
0.415 0.999691
0.416 0.999697
0.417 0.999703
0.418 0.999708
0.419 0.999714
0.42 0.999719
0.421 0.999724
0.422 0.999729
0.423 0.999734
0.424 0.999739
0.425 0.999744
0.426 0.999748
0.427 0.999753
0.428 0.999757
0.429 0.999762
0.43 0.999766
0.431 0.99977
0.432 0.999775
0.433 0.999779
0.434 0.999783
0.435 0.999787
0.436 0.999791
0.437 0.999794
0.438 0.999798
0.439 0.999802
0.44 0.999805
0.441 0.999809
0.442 0.999813
0.443 0.999816
0.444 0.999819
0.445 0.999823
0.446 0.999826
0.447 0.999829
0.448 0.999832
0.449 0.999835
0.45 0.999838
0.451 0.999841
0.452 0.999844
0.453 0.999847
0.454 0.99985
0.455 0.999852
0.456 0.999855
0.457 0.999858
0.458 0.99986
0.459 0.999863
0.46 0.999865
0.461 0.999868
0.462 0.99987
0.463 0.999872
0.464 0.999875
0.465 0.999877
0.466 0.999879
0.467 0.999881
0.468 0.999883
0.469 0.999886
0.47 0.999888
0.471 0.99989
0.472 0.999892
0.473 0.999894
0.474 0.999895
0.475 0.999897
0.476 0.999899
0.477 0.999901
0.478 0.999903
0.479 0.999905
0.48 0.999906
0.481 0.999908
0.482 0.99991
0.483 0.999911
0.484 0.999913
0.485 0.999914
0.486 0.999916
0.487 0.999917
0.488 0.999919
0.489 0.99992
0.49 0.999922
0.491 0.999923
0.492 0.999925
0.493 0.999926
0.494 0.999927
0.495 0.999929
0.496 0.99993
0.497 0.999931
0.498 0.999932
0.499 0.999934
0.5 0.999935
0.501 0.999936
0.502 0.999937
0.503 0.999938
0.504 0.999939
0.505 0.99994
0.506 0.999941
0.507 0.999942
0.508 0.999943
0.509 0.999944
0.51 0.999945
0.511 0.999946
0.512 0.999947
0.513 0.999948
0.514 0.999949
0.515 0.99995
0.516 0.999951
0.517 0.999952
0.518 0.999953
0.519 0.999954
0.52 0.999954
0.521 0.999955
0.522 0.999956
0.523 0.999957
0.524 0.999958
0.525 0.999958
0.526 0.999959
0.527 0.99996
0.528 0.99996
0.529 0.999961
0.53 0.999962
0.531 0.999963
0.532 0.999963
0.533 0.999964
0.534 0.999964
0.535 0.999965
0.536 0.999966
0.537 0.999966
0.538 0.999967
0.539 0.999967
0.54 0.999968
0.541 0.999969
0.542 0.999969
0.543 0.99997
0.544 0.99997
0.545 0.999971
0.546 0.999971
0.547 0.999972
0.548 0.999972
0.549 0.999973
0.55 0.999973
0.551 0.999974
0.552 0.999974
0.553 0.999975
0.554 0.999975
0.555 0.999975
0.556 0.999976
0.557 0.999976
0.558 0.999977
0.559 0.999977
0.56 0.999978
0.561 0.999978
0.562 0.999978
0.563 0.999979
0.564 0.999979
0.565 0.999979
0.566 0.99998
0.567 0.99998
0.568 0.999981
0.569 0.999981
0.57 0.999981
0.571 0.999982
0.572 0.999982
0.573 0.999982
0.574 0.999982
0.575 0.999983
0.576 0.999983
0.577 0.999983
0.578 0.999984
0.579 0.999984
0.58 0.999984
0.581 0.999984
0.582 0.999985
0.583 0.999985
0.584 0.999985
0.585 0.999986
0.586 0.999986
0.587 0.999986
0.588 0.999986
0.589 0.999987
0.59 0.999987
0.591 0.999987
0.592 0.999987
0.593 0.999987
0.594 0.999988
0.595 0.999988
0.596 0.999988
0.597 0.999988
0.598 0.999988
0.599 0.999989
0.6 0.999989
0.601 0.999989
0.602 0.999989
0.603 0.999989
0.604 0.99999
0.605 0.99999
0.606 0.99999
0.607 0.99999
0.608 0.99999
0.609 0.99999
0.61 0.999991
0.611 0.999991
0.612 0.999991
0.613 0.999991
0.614 0.999991
0.615 0.999991
0.616 0.999992
0.617 0.999992
0.618 0.999992
0.619 0.999992
0.62 0.999992
0.621 0.999992
0.622 0.999992
0.623 0.999993
0.624 0.999993
0.625 0.999993
0.626 0.999993
0.627 0.999993
0.628 0.999993
0.629 0.999993
0.63 0.999993
0.631 0.999993
0.632 0.999994
0.633 0.999994
0.634 0.999994
0.635 0.999994
0.636 0.999994
0.637 0.999994
0.638 0.999994
0.639 0.999994
0.64 0.999994
0.641 0.999994
0.642 0.999995
0.643 0.999995
0.644 0.999995
0.645 0.999995
0.646 0.999995
0.647 0.999995
0.648 0.999995
0.649 0.999995
0.65 0.999995
0.651 0.999995
0.652 0.999995
0.653 0.999996
0.654 0.999996
0.655 0.999996
0.656 0.999996
0.657 0.999996
0.658 0.999996
0.659 0.999996
0.66 0.999996
0.661 0.999996
0.662 0.999996
0.663 0.999996
0.664 0.999996
0.665 0.999996
0.666 0.999996
0.667 0.999996
0.668 0.999997
0.669 0.999997
0.67 0.999997
0.671 0.999997
0.672 0.999997
0.673 0.999997
0.674 0.999997
0.675 0.999997
0.676 0.999997
0.677 0.999997
0.678 0.999997
0.679 0.999997
0.68 0.999997
0.681 0.999997
0.682 0.999997
0.683 0.999997
0.684 0.999997
0.685 0.999997
0.686 0.999997
0.687 0.999997
0.688 0.999998
0.689 0.999998
0.69 0.999998
0.691 0.999998
0.692 0.999998
0.693 0.999998
0.694 0.999998
0.695 0.999998
0.696 0.999998
0.697 0.999998
0.698 0.999998
0.699 0.999998
0.7 0.999998
0.701 0.999998
0.702 0.999998
0.703 0.999998
0.704 0.999998
0.705 0.999998
0.706 0.999998
0.707 0.999998
0.708 0.999998
0.709 0.999998
0.71 0.999998
0.711 0.999998
0.712 0.999998
0.713 0.999998
0.714 0.999998
0.715 0.999998
0.716 0.999998
0.717 0.999998
0.718 0.999998
0.719 0.999999
0.72 0.999999
0.721 0.999999
0.722 0.999999
0.723 0.999999
0.724 0.999999
0.725 0.999999
0.726 0.999999
0.727 0.999999
0.728 0.999999
0.729 0.999999
0.73 0.999999
0.731 0.999999
0.732 0.999999
0.733 0.999999
0.734 0.999999
0.735 0.999999
0.736 0.999999
0.737 0.999999
0.738 0.999999
0.739 0.999999
0.74 0.999999
0.741 0.999999
0.742 0.999999
0.743 0.999999
0.744 0.999999
0.745 0.999999
0.746 0.999999
0.747 0.999999
0.748 0.999999
0.749 0.999999
0.75 0.999999
0.751 0.999999
0.752 0.999999
0.753 0.999999
0.754 0.999999
0.755 0.999999
0.756 0.999999
0.757 0.999999
0.758 0.999999
0.759 0.999999
0.76 0.999999
0.761 0.999999
0.762 0.999999
0.763 0.999999
0.764 0.999999
0.765 0.999999
0.766 0.999999
0.767 0.999999
0.768 0.999999
0.769 0.999999
0.77 0.999999
0.771 0.999999
0.772 0.999999
0.773 0.999999
0.774 0.999999
0.775 0.999999
0.776 0.999999
0.777 0.999999
0.778 0.999999
0.779 0.999999
0.78 0.999999
0.781 0.999999
0.782 0.999999
0.783 0.999999
0.784 0.999999
0.785 0.999999
0.786 1
0.787 1
0.788 1
0.789 1
0.79 1
0.791 1
0.792 1
0.793 1
0.794 1
0.795 1
0.796 1
0.797 1
0.798 1
0.799 1
0.8 1
0.801 1
0.802 1
0.803 1
0.804 1
0.805 1
0.806 1
0.807 1
0.808 1
0.809 1
0.81 1
0.811 1
0.812 1
0.813 1
0.814 1
0.815 1
0.816 1
0.817 1
0.818 1
0.819 1
0.82 1
0.821 1
0.822 1
0.823 1
0.824 1
0.825 1
0.826 1
0.827 1
0.828 1
0.829 1
0.83 1
0.831 1
0.832 1
0.833 1
0.834 1
0.835 1
0.836 1
0.837 1
0.838 1
0.839 1
0.84 1
0.841 1
0.842 1
0.843 1
0.844 1
0.845 1
0.846 1
0.847 1
0.848 1
0.849 1
0.85 1
0.851 1
0.852 1
0.853 1
0.854 1
0.855 1
0.856 1
0.857 1
0.858 1
0.859 1
0.86 1
0.861 1
0.862 1
0.863 1
0.864 1
0.865 1
0.866 1
0.867 1
0.868 1
0.869 1
0.87 1
0.871 1
0.872 1
0.873 1
0.874 1
0.875 1
0.876 1
0.877 1
0.878 1
0.879 1
0.88 1
0.881 1
0.882 1
0.883 1
0.884 1
0.885 1
0.886 1
0.887 1
0.888 1
0.889 1
0.89 1
0.891 1
0.892 1
0.893 1
0.894 1
0.895 1
0.896 1
0.897 1
0.898 1
0.899 1
0.9 1
0.901 1
0.902 1
0.903 1
0.904 1
0.905 1
0.906 1
0.907 1
0.908 1
0.909 1
0.91 1
0.911 1
0.912 1
0.913 1
0.914 1
0.915 1
0.916 1
0.917 1
0.918 1
0.919 1
0.92 1
0.921 1
0.922 1
0.923 1
0.924 1
0.925 1
0.926 1
0.927 1
0.928 1
0.929 1
0.93 1
0.931 1
0.932 1
0.933 1
0.934 1
0.935 1
0.936 1
0.937 1
0.938 1
0.939 1
0.94 1
0.941 1
0.942 1
0.943 1
0.944 1
0.945 1
0.946 1
0.947 1
0.948 1
0.949 1
0.95 1
0.951 1
0.952 1
0.953 1
0.954 1
0.955 1
0.956 1
0.957 1
0.958 1
0.959 1
0.96 1
0.961 1
0.962 1
0.963 1
0.964 1
0.965 1
0.966 1
0.967 1
0.968 1
0.969 1
0.97 1
0.971 1
0.972 1
0.973 1
0.974 1
0.975 1
0.976 1
0.977 1
0.978 1
0.979 1
0.98 1
0.981 1
0.982 1
0.983 1
0.984 1
0.985 1
0.986 1
0.987 1
0.988 1
0.989 1
0.99 1
0.991 1
0.992 1
0.993 1
0.994 1
0.995 1
0.996 1
0.997 1
0.998 1
0.999 1
