-1.000000e+00
-1.437662e+00
-1.466635e+00
-2.928883e+00
-2.778368e+00
-1.301392e+00
-2.478642e+00
-3.602784e+00
-1.079181e+00
-1.519076e+00
-1.543215e+00
-3.087180e+00
-2.936665e+00
-1.380463e+00
-2.636540e+00
-3.840106e+00
-1.158362e+00
-1.600142e+00
-1.620255e+00
-3.245496e+00
-3.094981e+00
-1.459567e+00
-2.794580e+00
-4.077497e+00
-1.237544e+00
-1.680911e+00
-1.697670e+00
-3.403826e+00
-3.253311e+00
-1.538695e+00
-2.952718e+00
-4.314934e+00
-1.316725e+00
-1.761428e+00
-1.775393e+00
-3.562167e+00
-3.411652e+00
-1.617839e+00
-3.110925e+00
-4.552403e+00
-1.395906e+00
-1.841730e+00
-1.853367e+00
-3.720514e+00
-3.569999e+00
-1.696995e+00
-3.269179e+00
-4.789896e+00
-1.475087e+00
-1.921852e+00
-1.931549e+00
-3.878866e+00
-3.728351e+00
-1.776158e+00
-3.427467e+00
-5.027404e+00
-1.554269e+00
-2.001820e+00
-2.009901e+00
-4.037221e+00
-3.886706e+00
-1.855327e+00
-3.585777e+00
-5.264923e+00
-1.633450e+00
-2.081661e+00
-2.088394e+00
-4.195578e+00
-4.045063e+00
-1.934500e+00
-3.744103e+00
-5.502449e+00
-1.712631e+00
-2.161393e+00
-2.167005e+00
-4.353937e+00
-4.203422e+00
-2.013675e+00
-3.902441e+00
-5.739981e+00
-1.791812e+00
-2.241035e+00
-2.245711e+00
-4.512297e+00
-4.361782e+00
-2.092852e+00
-4.060786e+00
-5.977516e+00
-1.870994e+00
-2.320601e+00
-2.324498e+00
-4.670658e+00
-4.520143e+00
-2.172030e+00
-4.219136e+00
-6.215054e+00
-1.950175e+00
-2.400104e+00
-2.403351e+00
-4.829019e+00
-4.678504e+00
-2.251210e+00
-4.377490e+00
-6.452594e+00
-2.029356e+00
-2.479553e+00
-2.482259e+00
-4.987381e+00
-4.836866e+00
-2.330389e+00
-4.535847e+00
-6.690135e+00
-2.108537e+00
-2.558959e+00
-2.561214e+00
-5.145742e+00
-4.995227e+00
-2.409570e+00
-4.694205e+00
-6.927677e+00
-2.187719e+00
-2.638327e+00
-2.640206e+00
-5.304105e+00
-5.153590e+00
-2.488750e+00
-4.852565e+00
-7.165219e+00
-2.266900e+00
-2.717664e+00
-2.719230e+00
-5.462467e+00
-5.311952e+00
-2.567931e+00
-5.010926e+00
-7.402762e+00
-2.346081e+00
-2.796975e+00
-2.798280e+00
-5.620829e+00
-5.470314e+00
-2.647112e+00
-5.169287e+00
-7.640305e+00
-2.425262e+00
-2.876265e+00
-2.877352e+00
-5.779191e+00
-5.628676e+00
-2.726293e+00
-5.327648e+00
-7.877848e+00
-2.504444e+00
-2.955536e+00
-2.956442e+00
-5.937554e+00
-5.787039e+00
-2.805474e+00
-5.486010e+00
-8.115391e+00
-2.583625e+00
-3.034793e+00
-3.035548e+00
-6.095916e+00
-5.945401e+00
-2.884655e+00
-5.644372e+00
-8.352930e+00
-2.662806e+00
-3.114037e+00
-3.114666e+00
-6.254279e+00
-6.103764e+00
-2.963836e+00
-5.802734e+00
-8.590479e+00
-2.741987e+00
-3.193270e+00
-3.193795e+00
-6.412641e+00
-6.262126e+00
-3.043018e+00
-5.961097e+00
-8.828016e+00
-2.821169e+00
-3.272495e+00
-3.272932e+00
-6.571004e+00
-6.420489e+00
-3.122199e+00
-6.119459e+00
-9.065551e+00
-2.900350e+00
-3.351713e+00
-3.352077e+00
-6.729366e+00
-6.578851e+00
-3.201380e+00
-6.277821e+00
-9.303038e+00
-2.979531e+00
-3.430924e+00
-3.431228e+00
-6.887729e+00
-6.737214e+00
-3.280561e+00
-6.436184e+00
-9.540729e+00
-3.058712e+00
-3.510131e+00
-3.510384e+00
-7.046091e+00
-6.895576e+00
-3.359742e+00
-6.594546e+00
-9.778275e+00
-3.137894e+00
-3.589333e+00
-3.589544e+00
-7.204453e+00
-7.053939e+00
-3.438924e+00
-6.752909e+00
-1.001632e+01
-3.217075e+00
-3.668532e+00
-3.668708e+00
-7.362816e+00
-7.212301e+00
-3.518105e+00
-6.911271e+00
-1.025321e+01
-3.296256e+00
-3.747728e+00
-3.747874e+00
-7.521179e+00
-7.370664e+00
-3.597286e+00
-7.069634e+00
-1.048807e+01
-3.375437e+00
-3.826921e+00
-3.827043e+00
-7.679541e+00
-7.529026e+00
-3.676467e+00
-7.227996e+00
-1.072484e+01
-3.454619e+00
-3.906113e+00
-3.906214e+00
-7.837907e+00
-7.687389e+00
-3.755649e+00
-7.386359e+00
-1.097492e+01
-3.533800e+00
-3.985303e+00
-3.985387e+00
-7.996270e+00
-7.845751e+00
-3.834830e+00
-7.544721e+00
-1.120330e+01
-3.612981e+00
-4.064491e+00
-4.064561e+00
-8.154641e+00
-8.004113e+00
-3.914011e+00
-7.703084e+00
-1.146654e+01
-3.692162e+00
-4.143678e+00
-4.143737e+00
-8.312989e+00
-8.162476e+00
-3.993192e+00
-7.861446e+00
-1.160920e+01
-3.771344e+00
-4.222864e+00
-4.222913e+00
-8.471383e+00
-8.320838e+00
-4.072374e+00
-8.019808e+00
-1.200713e+01
-3.850525e+00
-4.302049e+00
-4.302090e+00
-8.629719e+00
-8.479201e+00
-4.151555e+00
-8.178171e+00
-1.192795e+01
-3.929706e+00
-4.381234e+00
-4.381268e+00
-8.788055e+00
-8.637563e+00
-4.230736e+00
-8.336533e+00
-1.232586e+01
-4.008887e+00
-4.460418e+00
-4.460447e+00
-8.946152e+00
-8.795926e+00
-4.309917e+00
-8.494896e+00
-1.224669e+01
-4.088069e+00
-4.539602e+00
-4.539625e+00
-9.104303e+00
-8.954288e+00
-4.389099e+00
-8.653258e+00
-1.216759e+01
-4.167250e+00
-4.618785e+00
-4.618805e+00
-9.263066e+00
-9.112651e+00
-4.468280e+00
-8.811621e+00
-1.208840e+01
-4.246431e+00
-4.697968e+00
-4.697984e+00
-9.421280e+00
-9.271013e+00
-4.547461e+00
-8.969983e+00
-1.200922e+01
-4.325612e+00
-4.777151e+00
-4.777164e+00
-9.581092e+00
-9.429376e+00
-4.626642e+00
-9.128346e+00
-1.162897e+01
-4.404794e+00
-4.856333e+00
-4.856344e+00
-9.737123e+00
-9.587739e+00
-4.705824e+00
-9.286708e+00
-1.185081e+01
-4.483975e+00
-4.935515e+00
-4.935525e+00
-9.898866e+00
-9.746101e+00
-4.785005e+00
-9.445071e+00
-1.147062e+01
-4.563156e+00
-5.014697e+00
-5.014705e+00
-1.005726e+01
-9.904463e+00
-4.864186e+00
-9.603433e+00
-1.621303e+01
-4.642337e+00
-5.093879e+00
-5.093886e+00
-1.022158e+01
-1.006283e+01
-4.943367e+00
-9.761796e+00
-1.161327e+01
-4.721519e+00
-5.173061e+00
-5.173066e+00
-1.039203e+01
-1.022119e+01
-5.022549e+00
-9.920159e+00
-1.621303e+01
-4.800700e+00
-5.252243e+00
-5.252247e+00
-1.053979e+01
-1.037955e+01
-5.101730e+00
-1.007852e+01
-1.145493e+01
-4.879881e+00
-5.331424e+00
-5.331429e+00
-1.059609e+01
-1.053791e+01
-5.180911e+00
-1.023688e+01
-1.137573e+01
-4.959062e+00
-5.410606e+00
-5.410609e+00
-1.086779e+01
-1.069628e+01
-5.260092e+00
-1.039525e+01
-1.621303e+01
-5.038244e+00
-5.489787e+00
-5.489790e+00
-1.102150e+01
-1.085464e+01
-5.339274e+00
-1.055361e+01
-1.091635e+01
-5.117425e+00
-5.568971e+00
-5.568971e+00
-1.198714e+01
-1.101300e+01
-5.418454e+00
-1.071197e+01
-1.113819e+01
-5.196606e+00
-5.648151e+00
-5.648153e+00
-1.116433e+01
-1.117136e+01
-5.497636e+00
-1.087034e+01
-1.105901e+01
-5.275787e+00
-5.727336e+00
-5.727336e+00
-1.287360e+01
-1.132973e+01
-5.576818e+00
-1.102870e+01
-1.097984e+01
-5.354969e+00
-5.806515e+00
-5.806516e+00
-1.170745e+01
-1.148809e+01
-5.655998e+00
-1.118706e+01
-1.621303e+01
-5.434150e+00
-5.885695e+00
-5.885696e+00
-1.170743e+01
-1.164645e+01
-5.735181e+00
-1.134542e+01
-1.082147e+01
-5.513331e+00
-5.964879e+00
-5.964888e+00
-1.095813e+01
-1.180482e+01
-5.814364e+00
-1.150379e+01
-1.074229e+01
-5.592512e+00
-6.044070e+00
-6.044063e+00
-1.114940e+01
-1.196319e+01
-5.893538e+00
-1.166211e+01
-1.066311e+01
-5.671694e+00
-6.123250e+00
-6.123257e+00
-1.122594e+01
-1.212151e+01
-5.972713e+00
-1.182048e+01
-1.028290e+01
-5.750875e+00
-6.202428e+00
-6.202443e+00
-1.095245e+01
-1.227991e+01
-6.051916e+00
-1.197888e+01
-1.020372e+01
-5.830056e+00
-6.281661e+00
-6.281627e+00
-1.069633e+01
-1.243819e+01
-6.131098e+00
-1.213716e+01
-1.042556e+01
-5.909237e+00
-6.360819e+00
-6.360824e+00
-1.161996e+01
-1.259665e+01
-6.210296e+00
-1.229562e+01
-1.004535e+01
-5.988419e+00
-6.440098e+00
-6.439953e+00
-1.021710e+01
-1.275483e+01
-6.289478e+00
-1.245435e+01
-1.026720e+01
-6.067600e+00
-6.519147e+00
-6.519190e+00
-1.082359e+01
-1.291320e+01
-6.368608e+00
-1.261256e+01
-1.018802e+01
-6.146781e+00
-6.598469e+00
-6.598387e+00
-1.062151e+01
-1.307150e+01
-6.447784e+00
-1.277047e+01
-1.010884e+01
-6.225962e+00
-6.677685e+00
-6.677651e+00
-1.107889e+01
-1.323031e+01
-6.526957e+00
-1.292847e+01
-1.002966e+01
-6.305143e+00
-6.756770e+00
-6.756821e+00
-1.098543e+01
-1.338874e+01
-6.606084e+00
-1.308653e+01
-9.950476e+00
-6.384325e+00
-6.836636e+00
-6.835896e+00
-9.906041e+00
-1.354805e+01
-6.685470e+00
-1.324532e+01
-9.871295e+00
-6.463506e+00
-6.915378e+00
-6.915260e+00
-1.078100e+01
-1.370662e+01
-6.764357e+00
-1.340559e+01
-9.792114e+00
-6.542687e+00
-6.995749e+00
-6.994775e+00
-9.945410e+00
-1.386468e+01
-6.843701e+00
-1.356014e+01
-1.621303e+01
-6.621868e+00
-7.074429e+00
-7.075658e+00
-9.924406e+00
-1.402009e+01
-6.922788e+00
-1.371906e+01
-1.621303e+01
-6.701050e+00
-7.153009e+00
-7.153331e+00
-1.058419e+01
-1.417644e+01
-7.003120e+00
-1.388271e+01
-9.253540e+00
-6.780231e+00
-7.229684e+00
-7.235034e+00
-9.442835e+00
-1.433134e+01
-7.080937e+00
-1.404078e+01
-1.621303e+01
-6.859412e+00
-7.313189e+00
-7.313655e+00
-1.058419e+01
-1.449219e+01
-7.160679e+00
-1.420640e+01
-1.621303e+01
-6.938593e+00
-7.389892e+00
-7.395621e+00
-9.573473e+00
-1.465356e+01
-7.237845e+00
-1.435253e+01
-9.317026e+00
-7.017775e+00
-7.475954e+00
-7.472885e+00
-9.926189e+00
-1.480846e+01
-7.324031e+00
-1.450743e+01
-8.936815e+00
-7.096956e+00
-7.569505e+00
-7.544075e+00
-9.090183e+00
-1.500035e+01
-7.395236e+00
-1.465356e+01
-9.158664e+00
-7.176137e+00
-7.647728e+00
-7.617449e+00
-9.090183e+00
-1.510949e+01
-7.477423e+00
-1.487541e+01
-1.621303e+01
-7.255318e+00
-7.702462e+00
-7.741511e+00
-9.069039e+00
-1.535253e+01
-7.553143e+00
-1.495459e+01
-1.621303e+01
-7.334500e+00
-7.768485e+00
-7.849656e+00
-8.837852e+00
-1.547747e+01
-7.620090e+00
-1.505150e+01
-8.921120e+00
-7.413681e+00
-7.912037e+00
-7.967425e+00
-9.134833e+00
-1.565356e+01
-7.695811e+00
-1.517644e+01
-8.841939e+00
-7.492862e+00
-7.978054e+00
-7.991259e+00
-9.802704e+00
-1.565356e+01
-7.762758e+00
-1.565356e+01
-8.762758e+00
-7.572043e+00
-8.073341e+00
-8.089848e+00
-9.802704e+00
-1.595459e+01
-7.905425e+00
-1.565356e+01
-8.683576e+00
-7.651225e+00
-8.032685e+00
-8.248371e+00
-8.741067e+00
-1.595459e+01
-8.002335e+00
-inf
-8.604395e+00
-7.730406e+00
-8.480541e+00
-8.575015e+00
-9.490423e+00
-inf
-7.923154e+00
-1.565356e+01
-8.224184e+00
-7.809587e+00
-9.036183e+00
-9.036183e+00
-9.036183e+00
-inf
-8.145003e+00
-1.565356e+01
-1.621303e+01
-7.888768e+00
-8.628500e+00
-8.628500e+00
-8.628500e+00
-inf
-8.065821e+00
-1.565356e+01
-8.366851e+00
-7.967950e+00
-8.390291e+00
-8.390291e+00
-8.390291e+00
-inf
-7.986640e+00
-1.565356e+01
-7.986640e+00
-8.047131e+00
-8.378943e+00
-8.378943e+00
-8.378943e+00
-inf
-1.621303e+01
-inf
-8.208489e+00
-8.126312e+00
-8.176929e+00
-8.086396e+00
-9.112887e+00
-inf
-1.621303e+01
-inf
-8.129308e+00
-8.205493e+00
-9.146374e+00
-9.146374e+00
-9.146374e+00
-inf
-1.621303e+01
-inf
-8.050126e+00
-8.284675e+00
-8.105583e+00
-7.868318e+00
-8.545142e+00
-inf
-1.621303e+01
-inf
-1.621303e+01
-8.363856e+00
-8.302033e+00
-8.302033e+00
-8.302033e+00
-inf
-1.621303e+01
-inf
-1.621303e+01
-8.443037e+00
-8.277715e+00
-7.593172e+00
-7.994795e+00
-inf
-1.621303e+01
-inf
-1.621303e+01
-8.522218e+00
-7.941791e+00
-7.593172e+00
-8.152347e+00
-inf
-1.621303e+01
-inf
-1.621303e+01
-8.601400e+00
-8.393183e+00
-7.394723e+00
-7.741682e+00
-inf
-1.621303e+01
-inf
-1.621303e+01
-8.680581e+00
-8.316571e+00
-7.236318e+00
-7.502668e+00
-inf
-1.621303e+01
-inf
-1.621303e+01
-8.759762e+00
-7.567005e+00
-7.567005e+00
-7.567005e+00
-inf
-1.621303e+01
-inf
-1.621303e+01
-8.838943e+00
-7.278665e+00
-7.620155e+00
-7.843715e+00
-inf
-1.621303e+01
-inf
-1.621303e+01
-8.918125e+00
-8.175935e+00
-8.175935e+00
-8.175935e+00
-inf
-1.621303e+01
-inf
-1.621303e+01
-8.997306e+00
-8.175935e+00
-6.984361e+00
-7.314269e+00
-inf
-1.621303e+01
-inf
-1.621303e+01
-9.076487e+00
-7.541571e+00
-7.541571e+00
-7.541571e+00
-inf
-1.621303e+01
-inf
-1.621303e+01
-9.155668e+00
-7.257929e+00
-6.984361e+00
-7.615737e+00
-inf
-1.621303e+01
-inf
-1.621303e+01
-9.234850e+00
-7.257929e+00
-6.868242e+00
-7.396712e+00
-inf
-1.621303e+01
-inf
-1.621303e+01
-9.314031e+00
-6.682470e+00
-7.676804e+00
-7.029891e+00
-inf
-1.621303e+01
-inf
-1.621303e+01
-9.393212e+00
-7.151998e+00
-7.151998e+00
-7.151998e+00
-inf
-1.621303e+01
-inf
-1.621303e+01
-9.472393e+00
-6.901773e+00
-6.690198e+00
-7.405048e+00
-inf
-1.621303e+01
-inf
-1.621303e+01
-9.551575e+00
-6.589790e+00
-6.859527e+00
-7.225574e+00
-inf
-1.621303e+01
-inf
-1.621303e+01
-9.630756e+00
-6.473358e+00
-6.859527e+00
-7.004265e+00
-inf
-1.621303e+01
-inf
-1.621303e+01
-9.709937e+00
-7.363470e+00
-6.212814e+00
-6.484182e+00
-inf
-1.621303e+01
-inf
-1.621303e+01
-9.789118e+00
-6.384953e+00
-6.566987e+00
-7.151457e+00
-inf
-1.621303e+01
-inf
-1.621303e+01
-9.868300e+00
-8.649659e+00
-6.087479e+00
-6.389701e+00
-inf
-1.621303e+01
-inf
-1.621303e+01
-9.947481e+00
-6.481273e+00
-6.481273e+00
-6.481273e+00
-inf
-1.621303e+01
-inf
-1.621303e+01
-1.002666e+01
-6.278260e+00
-6.184686e+00
-7.198296e+00
-inf
-1.621303e+01
-inf
-1.621303e+01
-1.010584e+01
-6.117465e+00
-6.184686e+00
-7.261950e+00
-inf
-1.621303e+01
-inf
-1.621303e+01
-1.018502e+01
-6.319036e+00
-5.913551e+00
-6.431472e+00
-inf
-1.621303e+01
-inf
-1.621303e+01
-1.026421e+01
-5.824007e+00
-6.267387e+00
-6.319036e+00
-inf
-1.621303e+01
-inf
-1.621303e+01
-1.034339e+01
-5.719502e+00
-6.267387e+00
-6.165142e+00
-inf
-1.621303e+01
-inf
-1.621303e+01
-1.042257e+01
-6.357639e+00
-5.602302e+00
-5.987223e+00
-inf
-1.621303e+01
-inf
-1.621303e+01
-1.050175e+01
-5.657301e+00
-5.878241e+00
-6.357639e+00
-inf
-1.621303e+01
-inf
-1.621303e+01
-1.058093e+01
-5.657301e+00
-5.692802e+00
-7.063512e+00
-inf
-1.621303e+01
-inf
-1.621303e+01
-1.066011e+01
-5.867934e+00
-5.429386e+00
-5.927160e+00
-inf
-1.621303e+01
-inf
-1.621303e+01
-1.073929e+01
-5.470339e+00
-5.567767e+00
-6.468272e+00
-inf
-1.621303e+01
-inf
-1.621303e+01
-1.081847e+01
-5.664029e+00
-5.288877e+00
-5.827640e+00
-inf
-1.621303e+01
-inf
-1.621303e+01
-1.089766e+01
-5.440159e+00
-5.288877e+00
-6.121350e+00
-inf
-1.621303e+01
-inf
-1.621303e+01
-1.097684e+01
-5.440159e+00
-5.161393e+00
-5.786919e+00
-inf
-1.621303e+01
-inf
-1.621303e+01
-1.105602e+01
-6.235977e+00
-6.235977e+00
-6.235977e+00
-inf
-1.621303e+01
-inf
-1.621303e+01
-1.113520e+01
-5.155048e+00
-5.088351e+00
-6.235977e+00
-inf
-1.621303e+01
-inf
-1.621303e+01
-1.121438e+01
-4.793396e+00
-5.678509e+00
-5.155048e+00
-inf
-1.621303e+01
-inf
-1.621303e+01
-1.129356e+01
-5.054705e+00
-4.885742e+00
-5.678509e+00
-inf
-1.621303e+01
-inf
-1.621303e+01
-1.137274e+01
-7.064961e+00
-7.064961e+00
-7.064961e+00
-inf
-1.621303e+01
-inf
-1.621303e+01
-1.145192e+01
-4.983371e+00
-4.983371e+00
-4.983371e+00
-inf
-1.621303e+01
-inf
-1.621303e+01
-1.153111e+01
-4.831116e+00
-4.831116e+00
-4.831116e+00
-inf
-1.621303e+01
-inf
-1.621303e+01
-1.161029e+01
-5.142060e+00
-4.419667e+00
-4.811943e+00
-inf
-1.621303e+01
-inf
-1.621303e+01
-1.168947e+01
-5.142060e+00
-5.142060e+00
-5.142060e+00
-inf
-1.621303e+01
-inf
-1.621303e+01
-1.176865e+01
-5.142060e+00
-4.236859e+00
-4.595580e+00
-inf
-1.621303e+01
-inf
-1.621303e+01
-1.184783e+01
-4.477832e+00
-4.347489e+00
-5.234758e+00
-inf
-1.621303e+01
-inf
-1.621303e+01
-1.192701e+01
-4.477832e+00
-4.477832e+00
-4.477832e+00
-inf
-1.621303e+01
-inf
-1.621303e+01
-1.200619e+01
-4.838353e+00
-4.838353e+00
-4.838353e+00
-inf
-1.621303e+01
-inf
-1.621303e+01
-1.208537e+01
-4.085766e+00
-4.275226e+00
-4.838353e+00
-inf
-1.621303e+01
-inf
-1.621303e+01
-1.216456e+01
-4.275226e+00
-4.275226e+00
-4.275226e+00
-inf
-1.621303e+01
-inf
-1.621303e+01
-1.224374e+01
-4.115353e+00
-3.928383e+00
-4.685561e+00
-inf
-1.621303e+01
-inf
-1.621303e+01
-1.232292e+01
-5.932950e+00
-3.629507e+00
-3.928383e+00
-inf
-1.621303e+01
-inf
-1.621303e+01
-1.240210e+01
-3.731303e+00
-4.024220e+00
-4.341631e+00
-inf
-1.621303e+01
-inf
-1.621303e+01
-1.248128e+01
-4.133357e+00
-4.133357e+00
-4.133357e+00
-inf
-1.621303e+01
-inf
-1.621303e+01
-1.256046e+01
-3.560157e+00
-3.892102e+00
-4.133357e+00
-inf
-1.621303e+01
-inf
-1.621303e+01
-1.263964e+01
-3.448515e+00
-3.892102e+00
-3.943427e+00
-inf
-1.621303e+01
-inf
-1.621303e+01
-1.271882e+01
-4.183827e+00
-4.183827e+00
-4.183827e+00
-inf
-1.621303e+01
-inf
-1.621303e+01
-1.279801e+01
-4.294769e+00
-4.294769e+00
-4.294769e+00
-inf
-1.621303e+01
-inf
-1.621303e+01
-1.287719e+01
-4.294769e+00
-4.294769e+00
-4.294769e+00
-inf
-1.621303e+01
-inf
-1.621303e+01
-1.295637e+01
-3.104563e+00
-3.661391e+00
-3.546720e+00
-inf
-1.621303e+01
-inf
-1.621303e+01
-1.303555e+01
-3.736211e+00
-3.736211e+00
-3.736211e+00
-inf
-1.621303e+01
-inf
-1.621303e+01
-1.311473e+01
-2.857458e+00
-4.240937e+00
-3.176830e+00
-inf
-1.621303e+01
-inf
-1.621303e+01
-1.319391e+01
-3.091448e+00
-3.033875e+00
-4.240937e+00
-inf
-1.621303e+01
-inf
-1.621303e+01
-1.327309e+01
-3.091448e+00
-2.895519e+00
-3.636521e+00
-inf
-1.621303e+01
-inf
-1.621303e+01
-1.335227e+01
-4.643626e+00
-2.598384e+00
-2.895519e+00
-inf
-1.621303e+01
-inf
-1.621303e+01
-1.343146e+01
-2.459017e+00
-3.321493e+00
-2.704190e+00
-inf
-1.621303e+01
-inf
-1.621303e+01
-1.351064e+01
-2.775653e+00
-2.716337e+00
-3.911299e+00
-inf
-1.621303e+01
-inf
-1.621303e+01
-1.358982e+01
-3.019222e+00
-3.019222e+00
-3.019222e+00
-inf
-1.621303e+01
-inf
-1.621303e+01
-1.366900e+01
-2.571268e+00
-2.602536e+00
-4.030521e+00
-inf
-1.621303e+01
-inf
-1.621303e+01
-1.374818e+01
-2.783175e+00
-2.340118e+00
-2.835328e+00
-inf
-1.621303e+01
-inf
-1.621303e+01
-1.382736e+01
-2.783175e+00
-2.235594e+00
-2.681355e+00
-inf
-1.621303e+01
-inf
-1.621303e+01
-1.390654e+01
-2.040574e+00
-3.808591e+00
-2.334257e+00
-inf
-1.621303e+01
-inf
-1.621303e+01
-1.398572e+01
-2.710875e+00
-2.055651e+00
-2.465252e+00
-inf
-1.621303e+01
-inf
-1.621303e+01
