-1.000000e+00
-1.437668e+00
-1.466636e+00
-2.928977e+00
-2.778385e+00
-1.301393e+00
-2.478631e+00
-3.603620e+00
-1.079181e+00
-1.519077e+00
-1.543227e+00
-3.086986e+00
-2.936650e+00
-1.380458e+00
-2.636538e+00
-3.838173e+00
-1.158363e+00
-1.600142e+00
-1.620271e+00
-3.245126e+00
-3.094965e+00
-1.459567e+00
-2.794613e+00
-4.077579e+00
-1.237544e+00
-1.680932e+00
-1.697665e+00
-3.404518e+00
-3.253305e+00
-1.538701e+00
-2.952693e+00
-4.324819e+00
-1.316725e+00
-1.761451e+00
-1.775428e+00
-3.561868e+00
-3.411673e+00
-1.617848e+00
-3.110910e+00
-4.566271e+00
-1.395906e+00
-1.841743e+00
-1.853366e+00
-3.721065e+00
-3.569966e+00
-1.697002e+00
-3.269225e+00
-4.808845e+00
-1.475088e+00
-1.921885e+00
-1.931594e+00
-3.878367e+00
-3.728482e+00
-1.776180e+00
-3.427452e+00
-4.973262e+00
-1.554269e+00
-2.001845e+00
-2.010000e+00
-4.033269e+00
-3.886662e+00
-1.855337e+00
-3.585831e+00
-5.373888e+00
-1.633450e+00
-2.081668e+00
-2.088428e+00
-4.193716e+00
-4.044881e+00
-1.934499e+00
-3.744138e+00
-5.598741e+00
-1.712631e+00
-2.161586e+00
-2.166970e+00
-4.372240e+00
-4.203531e+00
-2.013638e+00
-3.902501e+00
-5.518305e+00
-1.791813e+00
-2.241017e+00
-2.245832e+00
-4.499625e+00
-4.361992e+00
-2.092858e+00
-4.060962e+00
-7.359406e+00
-1.870994e+00
-2.320919e+00
-2.324533e+00
-4.703582e+00
-4.520569e+00
-2.172165e+00
-4.218682e+00
-5.358034e+00
-1.950175e+00
-2.400321e+00
-2.403298e+00
-4.866785e+00
-4.679413e+00
-2.251289e+00
-4.377147e+00
-5.568489e+00
-2.029356e+00
-2.479536e+00
-2.482537e+00
-4.941419e+00
-4.837330e+00
-2.330256e+00
-4.536300e+00
-5.502388e+00
-2.108538e+00
-2.559890e+00
-2.562283e+00
-5.120916e+00
-4.994271e+00
-2.409460e+00
-4.693241e+00
-5.422202e+00
-2.187719e+00
-2.638797e+00
-2.641068e+00
-5.220398e+00
-5.152838e+00
-2.489220e+00
-4.855504e+00
-5.034939e+00
-2.266900e+00
-2.717363e+00
-2.722197e+00
-4.974300e+00
-5.310906e+00
-2.568647e+00
-5.009876e+00
-4.956100e+00
-2.346081e+00
-2.797169e+00
-2.801769e+00
-5.075501e+00
-5.468845e+00
-2.648181e+00
-5.175502e+00
-4.877205e+00
-2.425263e+00
-2.876766e+00
-2.878778e+00
-5.508717e+00
-5.622660e+00
-2.727565e+00
-5.321630e+00
-5.098101e+00
-2.504444e+00
-2.956282e+00
-2.957431e+00
-5.826780e+00
-5.793356e+00
-2.806450e+00
-5.492326e+00
-5.019317e+00
-2.583625e+00
-3.036551e+00
-3.041535e+00
-5.280237e+00
-5.945966e+00
-2.885205e+00
-5.644936e+00
-7.359406e+00
-2.662807e+00
-3.116967e+00
-3.128262e+00
-5.007236e+00
-6.110776e+00
-2.959836e+00
-5.809747e+00
-4.864330e+00
-2.741988e+00
-3.202869e+00
-3.205064e+00
-5.809747e+00
-6.224720e+00
-3.035553e+00
-5.969448e+00
-4.483309e+00
-2.821169e+00
-3.271927e+00
-3.274501e+00
-5.809747e+00
-6.446568e+00
-3.124772e+00
-6.145539e+00
-7.359406e+00
-2.900350e+00
-3.372545e+00
-3.367689e+00
-5.622660e+00
-6.525750e+00
-3.210396e+00
-6.321630e+00
-4.624599e+00
-2.979532e+00
-3.482388e+00
-3.452178e+00
-4.925867e+00
-6.622660e+00
-3.290909e+00
-6.446568e+00
-4.545551e+00
-3.058713e+00
-3.547022e+00
-3.581563e+00
-4.964649e+00
-6.923690e+00
-3.387810e+00
-6.622660e+00
-4.165729e+00
-3.137894e+00
-3.614592e+00
-3.604792e+00
-5.552622e+00
-7.224720e+00
-3.484708e+00
-6.923690e+00
-4.086594e+00
-3.217075e+00
-3.793356e+00
-3.634324e+00
-4.448746e+00
-6.923690e+00
-3.530459e+00
-6.923690e+00
-7.359406e+00
-3.296257e+00
-3.850155e+00
-4.024143e+00
-4.632543e+00
-inf
-3.627353e+00
-6.923690e+00
-4.229171e+00
-3.375438e+00
-4.026613e+00
-4.323807e+00
-4.632543e+00
-inf
-3.849148e+00
-6.923690e+00
-3.849148e+00
-3.454619e+00
-4.323807e+00
-4.323807e+00
-4.323807e+00
-inf
-3.769989e+00
-6.923690e+00
-7.359406e+00
-3.533800e+00
-3.912543e+00
-4.088952e+00
-4.690694e+00
-inf
-3.690826e+00
-6.923690e+00
-3.992136e+00
-3.612982e+00
-4.389664e+00
-4.389664e+00
-4.389664e+00
-inf
-7.359406e+00
-6.923690e+00
-3.611661e+00
-3.692163e+00
-4.390299e+00
-4.390299e+00
-4.390299e+00
-inf
-7.359406e+00
-inf
-3.833458e+00
-3.771344e+00
-3.801146e+00
-3.801146e+00
-3.801146e+00
-inf
-7.359406e+00
-inf
-3.754298e+00
-3.850525e+00
-3.907911e+00
-3.524536e+00
-4.057403e+00
-inf
-7.359406e+00
-inf
-3.675135e+00
-3.929707e+00
-3.907911e+00
-3.416441e+00
-3.886662e+00
-inf
-7.359406e+00
-inf
-7.359406e+00
-4.008888e+00
-3.368716e+00
-3.743421e+00
-3.907702e+00
-inf
-7.359406e+00
-inf
-7.359406e+00
-4.088069e+00
-3.514010e+00
-3.372789e+00
-4.230403e+00
-inf
-7.359406e+00
-inf
-7.359406e+00
-4.167250e+00
-3.880131e+00
-2.996602e+00
-3.244262e+00
-inf
-7.359406e+00
-inf
-7.359406e+00
-4.246432e+00
-3.404650e+00
-3.182184e+00
-3.880131e+00
-inf
-7.359406e+00
-inf
-7.359406e+00
-4.325613e+00
-3.218853e+00
-3.182184e+00
-4.575385e+00
-inf
-7.359406e+00
-inf
-7.359406e+00
-4.404794e+00
-2.866119e+00
-3.815971e+00
-3.218853e+00
-inf
-7.359406e+00
-inf
-7.359406e+00
-4.483975e+00
-3.341513e+00
-2.643578e+00
-2.865245e+00
-inf
-7.359406e+00
-inf
-7.359406e+00
-4.563157e+00
-2.866100e+00
-3.086828e+00
-3.566804e+00
-inf
-7.359406e+00
-inf
-7.359406e+00
-4.642338e+00
-2.745418e+00
-3.086860e+00
-3.310535e+00
-inf
-7.359406e+00
-inf
-7.359406e+00
-4.721519e+00
-2.634447e+00
-3.086891e+00
-3.124453e+00
-inf
-7.359406e+00
-inf
-7.359406e+00
-4.800701e+00
-2.972765e+00
-2.568296e+00
-3.086891e+00
-inf
-7.359406e+00
-inf
-7.359406e+00
-4.879882e+00
-2.589810e+00
-2.710252e+00
-3.506717e+00
-inf
-7.359406e+00
-inf
-7.359406e+00
-4.959063e+00
-2.458977e+00
-2.710252e+00
-3.117239e+00
-inf
-7.359406e+00
-inf
-7.359406e+00
-5.038244e+00
-2.621467e+00
-2.385273e+00
-3.063591e+00
-inf
-7.359406e+00
-inf
-7.359406e+00
-5.117425e+00
-2.432665e+00
-2.385273e+00
-3.671930e+00
-inf
-7.359406e+00
-inf
-7.359406e+00
-5.196607e+00
-2.279438e+00
-2.385280e+00
-3.245445e+00
-inf
-7.359406e+00
-inf
-7.359406e+00
-5.275788e+00
-2.822287e+00
-2.011343e+00
-2.385286e+00
-inf
-7.359406e+00
-inf
-7.359406e+00
-5.354970e+00
-2.083317e+00
-2.280420e+00
-2.822269e+00
-inf
-7.359406e+00
-inf
-7.359406e+00
-5.434151e+00
-2.255323e+00
-1.972980e+00
-2.594567e+00
-inf
-7.359406e+00
-inf
-7.359406e+00
-5.513332e+00
-1.919601e+00
-2.130619e+00
-2.635340e+00
-inf
-7.359406e+00
-inf
-7.359406e+00
-5.592513e+00
-1.798030e+00
-2.130623e+00
-2.370669e+00
-inf
-7.359406e+00
-inf
-7.359406e+00
-5.671694e+00
-1.686434e+00
-2.130626e+00
-2.181008e+00
-inf
-7.359406e+00
-inf
-7.359406e+00
-5.750875e+00
-1.497832e+00
-2.743578e+00
-1.824253e+00
-inf
-7.359406e+00
-inf
-7.359406e+00
-5.830057e+00
-1.736443e+00
-1.658442e+00
-2.743578e+00
-inf
-7.359406e+00
-inf
-7.359406e+00
-5.909238e+00
-1.736441e+00
-1.522635e+00
-2.233955e+00
-inf
-7.359406e+00
-inf
-7.359406e+00
-5.988420e+00
-1.971780e+00
-1.971780e+00
-1.971780e+00
-inf
-7.359406e+00
-inf
-7.359406e+00
