-8.48528
-8.38528
-8.28528
-8.18528
-8.08528
-7.98528
-7.88528
-7.78528
-7.68528
-7.58528
-7.48528
-7.38528
-7.28528
-7.18528
-7.08528
-6.98528
-6.88528
-6.78528
-6.68528
-6.58528
-6.48528
-6.38528
-6.28528
-6.18528
-6.08528
-5.98528
-5.88528
-5.78528
-5.68528
-5.58528
-5.48528
-5.38528
-5.28528
-5.18528
-5.08528
-4.98528
-4.88528
-4.78528
-4.68528
-4.58528
-4.48528
-4.38528
-4.28528
-4.18528
-4.08528
-3.98528
-3.88528
-3.78528
-3.68528
-3.58528
-3.48528
-3.38528
-3.28528
-3.18528
-3.08528
-2.98528
-2.88528
-2.78528
-2.68528
-2.58528
-2.48528
-2.38528
-2.28528
-2.18528
-2.08528
-1.98528
-1.88528
-1.78528
-1.68528
-1.58528
-1.48528
-1.38528
-1.28528
-1.18528
-1.08528
-0.985281
-0.885281
-0.785281
-0.685281
-0.585281
-0.485281
-0.385281
-0.285281
-0.185281
-0.0852814
0.0147186
0.114719
0.214719
0.314719
0.414719
0.514719
0.614719
0.714719
0.814719
0.914719
1.01472
1.11472
1.21472
1.31472
1.41472
1.51472
1.61472
1.71472
1.81472
1.91472
2.01472
2.11472
2.21472
2.31472
2.41472
2.51472
2.61472
2.71472
2.81472
2.91472
3.01472
3.11472
3.21472
3.31472
3.41472
3.51472
3.61472
3.71472
3.81472
3.91472
4.01472
4.11472
4.21472
4.31472
4.41472
4.51472
4.61472
4.71472
4.81472
4.91472
5.01472
5.11472
5.21472
5.31472
5.41472
5.51472
5.61472
5.71472
5.81472
5.91472
6.01472
6.11472
6.21472
6.31472
6.41472
6.51472
6.61472
6.71472
6.81472
6.91472
7.01472
7.11472
7.21472
7.31472
7.41472
7.51472
7.61472
7.71472
7.81472
7.91472
8.01472
8.11472
8.21472
8.31472
