0
0.229825
0.133683
0.109008
0.0832122
0.0753343
0.0641308
0.0607888
0.0545048
0.0527078
0.0491762
0.0474003
0.0451177
0.0435253
0.0418596
0.0405052
0.0391958
0.0380515
0.036975
0.0360007
0.0350904
0.0342513
0.0334664
0.032735
0.0320484
0.031404
0.0307966
0.0302233
0.0296808
0.0291665
0.0286781
0.0282134
0.0277706
0.027348
0.0269441
0.0265576
0.0261873
0.0258321
0.0254909
0.0251629
0.0248472
0.0245432
0.02425
0.0239671
0.0236939
0.0234298
0.0231743
0.022927
0.0226875
0.0224553
0.0222301
0.0220116
0.0217994
0.0215932
0.0213927
0.0211977
0.021008
0.0208233
0.0206433
0.020468
0.020297
0.0201302
0.0199675
0.0198087
0.0196536
0.0195021
0.019354
0.0192093
0.0190678
0.0189293
0.0187938
0.0186612
0.0185314
0.0184042
0.0182796
0.0181575
0.0180378
0.0179205
0.0178054
0.0176925
0.0175818
0.017473
0.0173663
0.0172615
0.0171586
0.0170575
0.0169582
0.0168606
0.0167646
0.0166703
0.0165775
0.0164863
0.0163966
0.0163083
0.0162214
0.0161359
0.0160517
0.0159689
0.0158873
0.0158069
0.0157278
0.0156498
0.015573
0.0154973
0.0154227
0.0153492
0.0152767
0.0152052
0.0151347
0.0150652
0.0149966
0.014929
0.0148622
0.0147964
0.0147314
0.0146673
0.014604
0.0145415
0.0144798
0.0144189
0.0143588
0.0142994
0.0142407
0.0141827
0.0141255
0.0140689
0.014013
0.0139578
0.0139032
0.0138493
0.013796
0.0137432
0.0136911
0.0136396
0.0135887
0.0135383
0.0134885
0.0134392
0.0133904
0.0133422
0.0132945
0.0132473
0.0132006
0.0131544
0.0131087
0.0130635
0.0130187
0.0129744
0.0129305
0.0128871
0.0128441
0.0128015
0.0127594
0.0127176
0.0126763
0.0126354
0.0125948
0.0125547
0.0125149
0.0124755
0.0124365
0.0123979
0.0123596
0.0123216
0.012284
0.0122468
0.0122098
0.0121733
0.012137
0.0121011
0.0120654
0.0120301
0.0119951
0.0119604
0.011926
0.0118919
0.0118581
0.0118246
0.0117914
0.0117584
0.0117257
0.0116933
0.0116611
0.0116293
0.0115976
0.0115663
0.0115351
0.0115043
0.0114737
0.0114433
0.0114132
0.0113833
0.0113536
0.0113242
0.0112949
0.011266
0.0112372
0.0112087
0.0111803
0.0111522
0.0111243
0.0110966
0.0110692
0.0110419
0.0110148
0.0109879
0.0109612
0.0109347
0.0109084
0.0108823
0.0108564
0.0108306
0.0108051
0.0107797
0.0107545
0.0107295
0.0107046
0.0106799
0.0106554
0.0106311
0.0106069
0.0105829
0.010559
0.0105353
0.0105118
0.0104884
0.0104652
0.0104422
0.0104192
0.0103965
0.0103739
0.0103514
0.0103291
0.0103069
0.0102849
0.010263
0.0102412
0.0102196
0.0101981
0.0101768
0.0101555
0.0101345
0.0101135
0.0100927
0.010072
0.0100514
0.010031
0.0100107
0.00999048
0.00997041
0.00995046
0.00993063
0.00991091
0.00989131
0.00987183
0.00985246
0.00983321
0.00981407
0.00979504
0.00977612
0.00975731
0.00973861
0.00972001
0.00970153
0.00968314
0.00966486
0.00964669
0.00962861
0.00961064
0.00959277
0.00957499
0.00955732
0.00953974
0.00952226
0.00950487
0.00948758
0.00947039
0.00945328
0.00943627
0.00941935
0.00940252
0.00938579
0.00936914
0.00935258
0.0093361
0.00931971
0.00930341
0.0092872
0.00927107
0.00925502
0.00923905
0.00922317
0.00920737
0.00919165
0.00917601
0.00916045
0.00914497
0.00912957
0.00911424
0.009099
0.00908382
0.00906873
0.00905371
0.00903876
0.00902389
0.00900909
0.00899436
0.0089797
0.00896512
0.00895061
0.00893616
0.00892179
0.00890749
0.00889325
0.00887908
0.00886498
0.00885095
0.00883698
0.00882308
0.00880925
0.00879548
0.00878177
0.00876813
0.00875455
0.00874103
0.00872758
0.00871419
0.00870086
0.00868759
0.00867438
0.00866123
0.00864814
0.00863511
0.00862214
0.00860923
0.00859638
0.00858358
0.00857084
0.00855815
0.00854553
0.00853295
0.00852044
0.00850798
0.00849557
0.00848321
0.00847092
0.00845867
0.00844648
0.00843434
0.00842225
0.00841021
0.00839823
0.00838629
0.00837441
0.00836258
0.00835079
0.00833906
0.00832738
0.00831574
0.00830415
0.00829262
0.00828113
0.00826968
0.00825829
0.00824694
0.00823564
0.00822438
0.00821318
0.00820201
0.00819089
0.00817982
0.00816879
0.00815781
0.00814687
0.00813597
0.00812512
0.00811431
0.00810355
0.00809282
0.00808214
0.00807151
0.00806091
0.00805036
0.00803984
0.00802937
0.00801894
0.00800855
0.0079982
0.00798789
0.00797761
0.00796738
0.00795719
0.00794704
0.00793692
0.00792685
0.00791681
0.00790681
0.00789685
0.00788693
0.00787704
0.00786719
0.00785738
0.0078476
0.00783786
0.00782816
0.00781849
0.00780886
0.00779926
0.0077897
0.00778017
0.00777068
0.00776123
0.0077518
0.00774242
0.00773306
0.00772374
0.00771446
0.0077052
0.00769598
0.0076868
0.00767764
0.00766852
0.00765943
0.00765037
0.00764135
0.00763236
0.0076234
0.00761447
0.00760557
0.0075967
0.00758787
0.00757906
0.00757028
0.00756154
0.00755283
0.00754414
0.00753549
0.00752686
0.00751827
0.0075097
0.00750117
0.00749266
0.00748418
0.00747573
0.00746731
0.00745892
0.00745055
0.00744222
0.00743391
0.00742563
0.00741737
0.00740915
0.00740095
0.00739278
0.00738463
0.00737652
0.00736842
0.00736036
0.00735232
0.00734431
0.00733633
0.00732837
0.00732043
0.00731253
0.00730464
0.00729679
0.00728895
0.00728115
0.00727337
0.00726561
0.00725788
0.00725017
0.00724249
0.00723483
0.0072272
0.00721959
0.007212
0.00720444
0.0071969
0.00718939
0.0071819
0.00717443
0.00716698
0.00715956
0.00715216
0.00714479
0.00713744
0.00713011
0.0071228
0.00711551
0.00710825
0.00710101
0.00709379
0.0070866
0.00707942
0.00707227
0.00706514
0.00705803
0.00705094
