0
0.182161
0.104831
0.0791558
0.0661282
0.0569504
0.0503621
0.0454514
0.0416539
0.0386233
0.0361415
0.0340655
0.0322986
0.0307777
0.0294991
0.0283579
0.0273324
0.0264052
0.0255621
0.0247916
0.0240842
0.0234319
0.0228281
0.0222674
0.0217448
0.0212564
0.0207987
0.0203686
0.0199636
0.0195813
0.0192197
0.0188771
0.0185518
0.0182425
0.0179479
0.017667
0.0173986
0.0171419
0.0168962
0.0166605
0.0164344
0.0162171
0.0160081
0.0158068
0.015613
0.015426
0.0152455
0.0150711
0.0149025
0.0147394
0.0145815
0.0144286
0.0142803
0.0141365
0.0139969
0.0138613
0.0137295
0.0136014
0.0134769
0.0133556
0.0132376
0.0131226
0.0130105
0.0129013
0.0127947
0.0126907
0.0125892
0.0124901
0.0123933
0.0122987
0.0122062
0.0121157
0.0120273
0.0119407
0.011856
0.011773
0.0116918
0.0116122
0.0115342
0.0114577
0.0113827
0.0113092
0.0112371
0.0111664
0.0110969
0.0110288
0.0109618
0.0108961
0.0108316
0.0107681
0.0107058
0.0106445
0.0105843
0.0105251
0.0104668
0.0104096
0.0103532
0.0102978
0.0102432
0.0101895
0.0101366
0.0100845
0.0100332
0.00998272
0.00993297
0.00988395
0.00983565
0.00978805
0.00974114
0.00969489
0.00964929
0.00960432
0.00955998
0.00951625
0.00947311
0.00943055
0.00938856
0.00934712
0.00930622
0.00926586
0.00922602
0.00918668
0.00914785
0.0091095
0.00907163
0.00903422
0.00899728
0.00896078
0.00892472
0.0088891
0.0088539
0.00881911
0.00878472
0.00875074
0.00871715
0.00868394
0.0086511
0.00861864
0.00858654
0.00855479
0.00852339
0.00849234
0.00846162
0.00843124
0.00840117
0.00837143
0.008342
0.00831288
0.00828406
0.00825553
0.0082273
0.00819936
0.0081717
0.00814432
0.00811721
0.00809037
0.00806379
0.00803747
0.00801141
0.0079856
0.00796004
0.00793472
0.00790964
0.0078848
0.00786019
0.00783581
0.00781165
0.00778772
0.00776401
0.0077405
0.00771722
0.00769414
0.00767126
0.00764859
0.00762612
0.00760384
0.00758176
0.00755987
0.00753817
0.00751666
0.00749532
0.00747417
0.0074532
0.0074324
0.00741177
0.00739132
0.00737103
0.00735091
0.00733095
0.00731116
0.00729152
0.00727204
0.00725272
0.00723355
0.00721453
0.00719566
0.00717693
0.00715835
0.00713992
