0
0.182161
0.104831
0.0791558
0.0661282
0.0569504
0.0503621
0.0454514
0.0416539
0.0386233
0.0361415
0.0340656
0.0322986
0.0307778
0.0294991
0.028358
0.0273325
0.0264053
0.0255622
0.0247917
0.0240842
0.0234319
0.0228282
0.0222674
0.0217449
0.0212565
0.0207987
0.0203687
0.0199637
0.0195814
0.0192198
0.0188771
0.0185519
0.0182426
0.017948
0.0176671
0.0173987
0.017142
0.0168962
0.0166606
0.0164344
0.0162171
0.0160081
0.0158069
0.015613
0.015426
0.0152455
0.0150712
0.0149026
0.0147395
0.0145816
0.0144287
0.0142804
0.0141366
0.0139969
0.0138614
0.0137296
0.0136015
0.013477
0.0133557
0.0132377
0.0131227
0.0130106
0.0129014
0.0127948
0.0126908
0.0125893
0.0124902
0.0123934
0.0122988
0.0122063
0.0121158
0.0120274
0.0119408
0.0118561
0.0117731
0.0116919
0.0116123
0.0115343
0.0114578
0.0113829
0.0113093
0.0112372
0.0111665
0.0110971
0.0110289
0.010962
0.0108962
0.0108317
0.0107683
0.0107059
0.0106447
0.0105844
0.0105252
0.010467
0.0104097
0.0103533
0.0102979
0.0102433
0.0101896
0.0101367
0.0100846
0.0100334
0.00998285
0.0099331
0.00988409
0.00983579
0.00978819
0.00974127
0.00969502
0.00964942
0.00960446
0.00956012
0.00951638
0.00947324
0.00943069
0.00938869
0.00934726
0.00930636
0.009266
0.00922616
0.00918682
0.00914799
0.00910964
0.00907177
0.00903436
0.00899742
0.00896092
0.00892486
0.00888924
0.00885404
0.00881925
0.00878487
0.00875088
0.00871729
0.00868408
0.00865125
0.00861879
0.00858669
0.00855494
0.00852354
0.00849249
0.00846177
0.00843139
0.00840133
0.00837158
0.00834215
0.00831303
0.00828421
0.00825569
0.00822746
0.00819952
0.00817186
0.00814447
0.00811737
0.00809052
0.00806395
0.00803763
0.00801157
0.00798576
0.0079602
0.00793488
0.00790981
0.00788496
0.00786035
0.00783597
0.00781182
0.00778788
0.00776417
0.00774067
0.00771738
0.0076943
0.00767143
0.00764876
0.00762629
0.00760401
0.00758193
0.00756004
0.00753834
0.00751682
0.00749549
0.00747434
0.00745337
0.00743257
0.00741194
0.00739149
0.0073712
0.00735108
0.00733112
0.00731133
0.00729169
0.00727221
0.00725289
0.00723372
0.0072147
0.00719583
0.0071771
0.00715853
0.00714009
