1 
1 
1 
1 
1 
1 
1 
1 
1 
1 
1 
1 
1 
1 
1 
1 
1 
1 
1 
1 
1 
1 
1 
1 
1 
1 
1 
1 
1 
1 
1 
1 
1 
1 
1 
1 
1 
1 
1 
1 
1 
1 
1 
1 
1 
1 
1 
1 
1 
1 
1 
1 
1 
1 
0.999999 
0.999997 
0.999993 
0.999984 
0.999962 
0.999918 
0.99983 
0.999666 
0.999373 
0.99887 
0.998043 
0.996735 
0.994738 
0.99179 
0.987576 
0.981729 
0.973849 
0.963511 
0.950296 
0.933812 
0.91373 
0.889806 
0.86191 
0.830043 
0.794349 
0.755116 
0.712767 
0.667844 
0.620983 
0.572881 
0.52427 
0.475873 
0.428382 
0.382428 
0.338556 
0.297216 
0.258752 
0.223399 
0.191287 
0.162454 
0.136851 
0.114362 
0.0948139 
0.0779946 
0.063666 
0.0515766 
0.0414714 
0.0331017 
0.0262306 
0.0206384 
0.0161253 
0.0125128 
0.0096443 
0.00738427 
0.00561716 
0.0042457 
0.00318901 
0.00238059 
0.00176639 
0.00130289 
0.000955425 
0.000696623 
0.000505076 
0.000364181 
0.00026117 
0.000186302 
0.000132202 
9.33321e-05 
6.55589e-05 
4.58226e-05 
3.18723e-05 
2.20632e-05 
1.52013e-05 
1.04253e-05 
7.11744e-06 
4.83749e-06 
3.27348e-06 
2.2056e-06 
1.47979e-06 
9.88696e-07 
6.57874e-07 
4.35983e-07 
2.87787e-07 
1.89225e-07 
1.23941e-07 
8.08737e-08 
5.25755e-08 
3.4054e-08 
2.19779e-08 
1.41339e-08 
9.05773e-09 
5.7847e-09 
3.68188e-09 
2.33564e-09 
1.47678e-09 
9.30713e-10 
5.84694e-10 
3.66164e-10 
2.28599e-10 
1.42281e-10 
8.82896e-11 
5.46239e-11 
3.36964e-11 
2.07267e-11 
1.27128e-11 
7.77558e-12 
4.74263e-12 
2.88477e-12 
1.74981e-12 
1.0581e-12 
6.36944e-13 
3.7929e-13 
2.17339e-13 
1.04422e-13 
0 










































































































































































































































































































































