1 
1 
1 
1 
1 
1 
1 
1 
1 
1 
1 
1 
1 
1 
1 
1 
1 
1 
1 
1 
1 
1 
1 
1 
1 
1 
1 
1 
1 
1 
1 
1 
1 
1 
1 
1 
1 
1 
1 
1 
1 
0.999999 
0.999999 
0.999997 
0.999993 
0.999987 
0.999974 
0.999953 
0.999915 
0.999854 
0.999754 
0.999599 
0.999362 
0.999012 
0.998505 
0.997789 
0.996798 
0.995455 
0.993671 
0.991342 
0.988358 
0.984596 
0.979927 
0.974221 
0.967346 
0.959176 
0.949594 
0.938493 
0.925787 
0.911409 
0.895314 
0.877484 
0.857931 
0.83669 
0.813829 
0.78944 
0.763639 
0.736567 
0.708382 
0.679258 
0.649381 
0.618943 
0.588142 
0.557173 
0.52623 
0.495497 
0.465148 
0.435347 
0.40624 
0.377959 
0.350619 
0.324317 
0.299132 
0.275127 
0.252345 
0.230818 
0.21056 
0.191572 
0.173844 
0.157353 
0.142069 
0.127955 
0.114964 
0.103048 
0.0921521 
0.0822207 
0.0731959 
0.0650192 
0.0576321 
0.050977 
0.0449976 
0.0396396 
0.0348506 
0.030581 
0.0267836 
0.0234143 
0.0204317 
0.0177974 
0.0154757 
0.0134339 
0.011642 
0.0100727 
0.00870094 
0.00750421 
0.00646214 
0.00555641 
0.00477059 
0.00408999 
0.00350153 
0.00299358 
0.00255585 
0.00217922 
0.00185567 
0.00157814 
0.00134043 
0.00113714 
0.000963516 
0.00081544 
0.000689323 
0.000582052 
0.000490928 
0.000413619 
0.000348112 
0.000292673 
0.00024581 
0.000206242 
0.000172873 
0.000144762 
0.000121107 
0.000101222 
8.45249e-05 
7.05184e-05 
5.8781e-05 
4.89547e-05 
4.07363e-05 
3.38692e-05 
2.81367e-05 
2.33556e-05 
1.93715e-05 
1.60546e-05 
1.32954e-05 
1.10022e-05 
9.0978e-06 
7.51759e-06 
6.20743e-06 
5.12201e-06 
4.22349e-06 
3.48023e-06 
2.86587e-06 






























