0.000000e+00	1.000000e+00
4.975124e-03	9.891699e-01
9.950249e-03	9.784379e-01
1.492537e-02	9.678030e-01
1.990050e-02	9.572643e-01
2.487562e-02	9.468209e-01
2.985075e-02	9.364718e-01
3.482587e-02	9.262162e-01
3.980100e-02	9.160532e-01
4.477612e-02	9.059818e-01
4.975124e-02	8.960012e-01
5.472637e-02	8.861106e-01
5.970149e-02	8.763091e-01
6.467662e-02	8.665958e-01
6.965174e-02	8.569699e-01
7.462687e-02	8.474306e-01
7.960199e-02	8.379770e-01
8.457711e-02	8.286084e-01
8.955224e-02	8.193239e-01
9.452736e-02	8.101227e-01
9.950249e-02	8.010041e-01
1.044776e-01	7.919672e-01
1.094527e-01	7.830114e-01
1.144279e-01	7.741357e-01
1.194030e-01	7.653396e-01
1.243781e-01	7.566222e-01
1.293532e-01	7.479827e-01
1.343284e-01	7.394206e-01
1.393035e-01	7.309349e-01
1.442786e-01	7.225251e-01
1.492537e-01	7.141904e-01
1.542289e-01	7.059301e-01
1.592040e-01	6.977435e-01
1.641791e-01	6.896299e-01
1.691542e-01	6.815887e-01
1.741294e-01	6.736191e-01
1.791045e-01	6.657205e-01
1.840796e-01	6.578923e-01
1.890547e-01	6.501338e-01
1.940299e-01	6.424443e-01
1.990050e-01	6.348232e-01
2.039801e-01	6.272700e-01
2.089552e-01	6.197838e-01
2.139303e-01	6.123642e-01
2.189055e-01	6.050105e-01
2.238806e-01	5.977222e-01
2.288557e-01	5.904985e-01
2.338308e-01	5.833390e-01
2.388060e-01	5.762431e-01
2.437811e-01	5.692101e-01
2.487562e-01	5.622394e-01
2.537313e-01	5.553306e-01
2.587065e-01	5.484831e-01
2.636816e-01	5.416963e-01
2.686567e-01	5.349696e-01
2.736318e-01	5.283026e-01
2.786070e-01	5.216946e-01
2.835821e-01	5.151452e-01
2.885572e-01	5.086538e-01
2.935323e-01	5.022199e-01
2.985075e-01	4.958430e-01
3.034826e-01	4.895226e-01
3.084577e-01	4.832581e-01
3.134328e-01	4.770491e-01
3.184080e-01	4.708952e-01
3.233831e-01	4.647957e-01
3.283582e-01	4.587502e-01
3.333333e-01	4.527583e-01
3.383085e-01	4.468195e-01
3.432836e-01	4.409333e-01
3.482587e-01	4.350992e-01
3.532338e-01	4.293169e-01
3.582090e-01	4.235857e-01
3.631841e-01	4.179054e-01
3.681592e-01	4.122755e-01
3.731343e-01	4.066955e-01
3.781095e-01	4.011650e-01
3.830846e-01	3.956835e-01
3.880597e-01	3.902507e-01
3.930348e-01	3.848662e-01
3.980100e-01	3.795295e-01
4.029851e-01	3.742402e-01
4.079602e-01	3.689980e-01
4.129353e-01	3.638024e-01
4.179104e-01	3.586530e-01
4.228856e-01	3.535495e-01
4.278607e-01	3.484914e-01
4.328358e-01	3.434784e-01
4.378109e-01	3.385102e-01
4.427861e-01	3.335863e-01
4.477612e-01	3.287064e-01
4.527363e-01	3.238701e-01
4.577114e-01	3.190771e-01
4.626866e-01	3.143271e-01
4.676617e-01	3.096196e-01
4.726368e-01	3.049543e-01
4.776119e-01	3.003309e-01
4.825871e-01	2.957491e-01
4.875622e-01	2.912085e-01
4.925373e-01	2.867088e-01
4.975124e-01	2.822496e-01
5.024876e-01	2.778308e-01
5.074627e-01	2.734519e-01
5.124378e-01	2.691126e-01
5.174129e-01	2.648126e-01
5.223881e-01	2.605517e-01
5.273632e-01	2.563295e-01
5.323383e-01	2.521457e-01
5.373134e-01	2.480001e-01
5.422886e-01	2.438923e-01
5.472637e-01	2.398221e-01
5.522388e-01	2.357891e-01
5.572139e-01	2.317932e-01
5.621891e-01	2.278341e-01
5.671642e-01	2.239114e-01
5.721393e-01	2.200249e-01
5.771144e-01	2.161743e-01
5.820896e-01	2.123595e-01
5.870647e-01	2.085801e-01
5.920398e-01	2.048358e-01
5.970149e-01	2.011265e-01
6.019900e-01	1.974519e-01
6.069652e-01	1.938118e-01
6.119403e-01	1.902058e-01
6.169154e-01	1.866338e-01
6.218905e-01	1.830956e-01
6.268657e-01	1.795909e-01
6.318408e-01	1.761195e-01
6.368159e-01	1.726812e-01
6.417910e-01	1.692757e-01
6.467662e-01	1.659029e-01
6.517413e-01	1.625625e-01
6.567164e-01	1.592543e-01
6.616915e-01	1.559782e-01
6.666667e-01	1.527338e-01
6.716418e-01	1.495211e-01
6.766169e-01	1.463399e-01
6.815920e-01	1.431898e-01
6.865672e-01	1.400708e-01
6.915423e-01	1.369827e-01
6.965174e-01	1.339253e-01
7.014925e-01	1.308983e-01
7.064677e-01	1.279017e-01
7.114428e-01	1.249352e-01
7.164179e-01	1.219987e-01
7.213930e-01	1.190920e-01
7.263682e-01	1.162150e-01
7.313433e-01	1.133675e-01
7.363184e-01	1.105492e-01
7.412935e-01	1.077602e-01
7.462687e-01	1.050001e-01
7.512438e-01	1.022690e-01
7.562189e-01	9.956652e-02
7.611940e-01	9.689265e-02
7.661692e-01	9.424721e-02
7.711443e-01	9.163006e-02
7.761194e-01	8.904108e-02
7.810945e-01	8.648012e-02
7.860697e-01	8.394705e-02
7.910448e-01	8.144176e-02
7.960199e-01	7.896411e-02
8.009950e-01	7.651397e-02
8.059701e-01	7.409124e-02
8.109453e-01	7.169580e-02
8.159204e-01	6.932752e-02
8.208955e-01	6.698631e-02
8.258706e-01	6.467205e-02
8.308458e-01	6.238463e-02
8.358209e-01	6.012395e-02
8.407960e-01	5.788991e-02
8.457711e-01	5.568242e-02
8.507463e-01	5.350137e-02
8.557214e-01	5.134668e-02
8.606965e-01	4.921825e-02
8.656716e-01	4.711600e-02
8.706468e-01	4.503984e-02
8.756219e-01	4.298969e-02
8.805970e-01	4.096547e-02
8.855721e-01	3.896710e-02
8.905473e-01	3.699451e-02
8.955224e-01	3.504763e-02
9.004975e-01	3.312638e-02
9.054726e-01	3.123070e-02
9.104478e-01	2.936052e-02
9.154229e-01	2.751579e-02
9.203980e-01	2.569644e-02
9.253731e-01	2.390241e-02
9.303483e-01	2.213366e-02
9.353234e-01	2.039013e-02
9.402985e-01	1.867176e-02
9.452736e-01	1.697852e-02
9.502488e-01	1.531035e-02
9.552239e-01	1.366723e-02
9.601990e-01	1.204910e-02
9.651741e-01	1.045592e-02
9.701493e-01	8.887678e-03
9.751244e-01	7.344324e-03
9.800995e-01	5.825834e-03
9.850746e-01	4.332180e-03
9.900498e-01	2.863338e-03
9.950249e-01	1.419284e-03
1.000000e+00	0.000000e+00
